1.160451812155009508e+09 1.797526170173205484e+00
1.056357170251665950e+09 1.780163383129705013e+00
9.616000073883723021e+08 1.769967449077693766e+00
8.753427346822664738e+08 1.764060449231239724e+00
7.968228964993840456e+08 1.760550528166251683e+00
7.253464308653169870e+08 1.758453190197230898e+00
6.602815344293520451e+08 1.757092503108285575e+00
6.010530777524834871e+08 1.756262694816320025e+00
5.471375215542827845e+08 1.755742500330509159e+00
4.980582889816610813e+08 1.755388963364444166e+00
4.533815529935813546e+08 1.755152776616105026e+00
4.127124016250224113e+08 1.755016247069214996e+00
3.756913472337634563e+08 1.754925294078509390e+00
3.419911488740753531e+08 1.754829097987204767e+00
3.113139197092984319e+08 1.754784444420191214e+00
2.833884938947723508e+08 1.754756261311025023e+00
2.579680296561730504e+08 1.754737556206690474e+00
2.348278273760774136e+08 1.754726620063489895e+00
2.137633434021510780e+08 1.754721037959031449e+00
1.945883820203543305e+08 1.754715550184608341e+00
1.771334496114461720e+08 1.754714328383915722e+00
1.612442564426526427e+08 1.754713365932904612e+00
1.467803528513445556e+08 1.754712270399774843e+00
1.336138877655317485e+08 1.754886189422272924e+00
1.216284785873268694e+08 1.754883110218902642e+00
1.107181824499245733e+08 1.754857514554479581e+00
1.007865597546993345e+08 1.754853206702257085e+00
9.174582171073633432e+07 1.754867970254670340e+00
8.351605434161837399e+07 1.754863243561708863e+00
7.602451210021604598e+07 1.754858851760413119e+00
6.920497484752114117e+07 1.754856833477279388e+00
6.299716251164764911e+07 1.754854166848150987e+00
5.734620225298859924e+07 1.754850350741676168e+00
5.220214342562876642e+07 1.754852670131641368e+00
4.751951604760201275e+07 1.754864766496901707e+00
4.325692887717103958e+07 1.754853398710154888e+00
3.937670354239759594e+07 1.754799802759124283e+00
3.584454148995687068e+07 1.754465622199683272e+00
3.262922080924921110e+07 1.753734906187213172e+00
2.970232025194263458e+07 1.752719815437606465e+00
2.703796800746403262e+07 1.751508346308082054e+00
2.461261301378758997e+07 1.750226292858266808e+00
2.240481678206123784e+07 1.748955443134687426e+00
2.039506389494423568e+07 1.747759477069385836e+00
1.856558950358842686e+07 1.746678824658455698e+00
1.690022229845504835e+07 1.745716341431412744e+00
1.538424156593530253e+07 1.744890366589655128e+00
1.400424706725235656e+07 1.744191642829869382e+00
1.274804058946294524e+07 1.743611127326686105e+00
1.160451812155007198e+07 1.743128700956799282e+00
