1.160451812155009460e+10 2.321752108859753207e+03
1.107181824499245834e+10 1.879124243695242058e+03
1.056357170251665878e+10 1.524128999480240282e+03
1.007865597546993256e+10 1.234213940660531989e+03
9.616000073883722305e+09 1.001424733949215693e+03
9.174582171073652267e+09 8.122175082346396948e+02
8.753427346822664261e+09 6.618950420879222065e+02
8.351605434161854744e+09 5.362124734615814532e+02
7.968228964993840218e+09 4.360239505370232109e+02
7.602451210021636009e+09 3.548944853770630630e+02
7.253464308653169632e+09 2.889480801340785092e+02
6.920497484752114296e+09 2.354591184425325423e+02
6.602815344293519974e+09 1.918788140642006681e+02
6.299716251164765358e+09 1.565632111176138039e+02
6.010530777524835587e+09 1.277836924744822795e+02
5.734620225298871994e+09 1.044034144951749852e+02
5.471375215542827606e+09 8.528547679900391643e+01
5.220214342562898636e+09 6.981702735325643516e+01
4.980582889816611290e+09 5.716509582993145955e+01
4.751951604760201454e+09 4.686379729957774742e+01
4.533815529935813904e+09 3.845800030123483992e+01
4.325692887717103958e+09 3.159921655268600915e+01
4.127124016250241280e+09 2.601329659997550792e+01
3.937670354239768028e+09 2.145531518977040264e+01
3.756913472337634563e+09 1.773719275917804694e+01
3.584454148995694160e+09 1.471020170056909215e+01
3.419911488740753651e+09 1.224145022010004702e+01
3.262922080924921513e+09 1.022885721985429086e+01
3.113139197092984200e+09 8.591310860297461716e+00
2.970232025194263458e+09 7.260914936974651290e+00
2.833884938947735310e+09 6.183244546219793136e+00
2.703796800746408939e+09 5.306928697561819952e+00
2.579680296561730385e+09 4.596763465140933924e+00
2.461261301378764153e+09 4.025190308578942222e+00
2.348278273760774136e+09 3.560559135086722282e+00
2.240481678206132889e+09 3.188739327202517959e+00
2.137633434021510839e+09 2.891604100968563795e+00
2.039506389494423628e+09 2.651233121177776209e+00
1.945883820203543186e+09 2.460536797541711618e+00
1.856558950358842611e+09 2.308836255304089757e+00
1.771334496114469051e+09 2.188201316925109108e+00
1.690022229845508099e+09 2.092791569962476395e+00
1.612442564426526546e+09 2.017563176104771205e+00
1.538424156593536615e+09 1.958669823147285882e+00
1.467803528513445616e+09 1.912537671984154031e+00
1.400424706725241184e+09 1.876627798757259935e+00
1.336138877655317545e+09 1.848766640584216026e+00
1.274804058946294546e+09 1.827077428526090896e+00
1.216284785873273611e+09 1.810366398105766494e+00
1.160451812155009508e+09 1.797526170173205484e+00
