1.160451812155009613e+11 9.280333068037936091e+07
1.107181824499245758e+11 7.440480892590378225e+07
1.056357170251665955e+11 5.976439161048983037e+07
1.007865597546993256e+11 4.781206284353192151e+07
9.616000073883721924e+10 3.832239612208858132e+07
9.174582171073652649e+10 3.057554233900546283e+07
8.753427346822663879e+10 2.430572607280255109e+07
8.351605434161854553e+10 1.927148942842073366e+07
7.968228964993840027e+10 1.535623459239209816e+07
7.602451210021636963e+10 1.221622652951582521e+07
7.253464308653169250e+10 9.694092001808876172e+06
6.920497484752114868e+10 7.731029081680928357e+06
6.602815344293519592e+10 6.137640443459937349e+06
6.299716251164765167e+10 4.881657738230711780e+06
6.010530777524835205e+10 3.848284110464478843e+06
5.734620225298871613e+10 3.042453224358613603e+06
5.471375215542827606e+10 2.414143869417972863e+06
5.220214342562898254e+10 1.908154392252961174e+06
4.980582889816610718e+10 1.506117493727320107e+06
4.751951604760201263e+10 1.188851848027053988e+06
4.533815529935813904e+10 9.365766766821267083e+05
4.325692887717103577e+10 7.394611307500153780e+05
4.127124016250241089e+10 5.804981783863620367e+05
3.937670354239767456e+10 4.578149374376762426e+05
3.756913472337635040e+10 3.601105325493190903e+05
3.584454148995694733e+10 2.830926451465319842e+05
3.419911488740753937e+10 2.224515608007603732e+05
3.262922080924921417e+10 1.745525114678039099e+05
3.113139197092984009e+10 1.369126887648579141e+05
2.970232025194263458e+10 1.070143182306759554e+05
2.833884938947735214e+10 8.523951692059513880e+04
2.703796800746408844e+10 6.558437156599652371e+04
2.579680296561730576e+10 5.120556477977322356e+04
2.461261301378763962e+10 4.000975771289090335e+04
2.348278273760774231e+10 3.155389032247676732e+04
2.240481678206132889e+10 2.437171122276091774e+04
2.137633434021510696e+10 1.888306873351813192e+04
2.039506389494423676e+10 1.471416016077349559e+04
1.945883820203543091e+10 1.142941297793735066e+04
1.856558950358842468e+10 8.846941019498941387e+03
1.771334496114469147e+10 6.852948843959911756e+03
1.690022229845508194e+10 5.297212487850943035e+03
1.612442564426526642e+10 4.094622736098584937e+03
1.538424156593536568e+10 3.154561773143705977e+03
1.467803528513445663e+10 2.429240945874055797e+03
1.400424706725241280e+10 1.866007166793929628e+03
1.336138877655317497e+10 1.431945215277876287e+03
1.274804058946294403e+10 1.095853428428655207e+03
1.216284785873273659e+10 8.375240438009831223e+02
1.160451812155009460e+10 6.383555645621994472e+02
