1.160451812155009460e+10 6.383555645621994472e+02
1.107181824499245834e+10 4.859066319693978357e+02
1.056357170251665878e+10 3.685600233604940854e+02
1.007865597546993256e+10 2.786516243232363763e+02
9.616000073883722305e+09 2.100258019359268076e+02
9.174582171073652267e+09 1.581841073747146993e+02
8.753427346822664261e+09 1.186237988549764992e+02
8.351605434161854744e+09 8.871173423791272228e+01
7.968228964993840218e+09 6.608686130625521571e+01
7.602451210021636009e+09 4.906006045032947327e+01
7.253464308653169632e+09 3.627090446123410317e+01
6.920497484752114296e+09 2.671200904765449735e+01
6.602815344293519974e+09 1.959541260384641959e+01
6.299716251164765358e+09 1.428591366011633035e+01
6.010530777524835587e+09 1.037583450276263441e+01
5.734620225298871994e+09 7.499763616029287761e+00
5.471375215542827606e+09 5.385988891493944664e+00
5.220214342562898636e+09 3.851112274787275247e+00
4.980582889816611290e+09 2.737572894576118632e+00
4.751951604760201454e+09 1.935755297029855493e+00
4.533815529935813904e+09 1.356608860194630006e+00
4.325692887717103958e+09 9.457138842544904334e-01
4.127124016250241280e+09 6.562536339748441527e-01
3.937670354239768028e+09 4.519365949534595028e-01
3.756913472337634563e+09 3.095441827002251567e-01
3.584454148995694160e+09 2.103984131441079264e-01
3.419911488740753651e+09 1.424424844328090745e-01
3.262922080924921513e+09 9.583971906861116219e-02
3.113139197092984200e+09 6.415538834168611759e-02
2.970232025194263458e+09 4.273040211124774779e-02
2.833884938947735310e+09 2.839851229784607495e-02
2.703796800746408939e+09 1.869032723874142557e-02
2.579680296561730385e+09 1.228221394302782439e-02
2.461261301378764153e+09 8.035427723185646284e-03
2.348278273760774136e+09 5.226725620168486651e-03
2.240481678206132889e+09 3.379460838883192007e-03
2.137633434021510839e+09 2.168897324709783726e-03
2.039506389494423628e+09 1.376393602293874124e-03
1.945883820203543186e+09 8.646683719238652636e-04
1.856558950358842611e+09 5.357146070439526087e-04
1.771334496114469051e+09 3.267469421438830833e-04
1.690022229845508099e+09 1.957509134794647467e-04
1.612442564426526546e+09 1.150857970213287101e-04
1.538424156593536615e+09 6.625853051668417336e-05
1.467803528513445616e+09 3.726064494774359329e-05
1.400424706725241184e+09 2.044813999301833536e-05
1.336138877655317545e+09 1.094147633441438217e-05
1.274804058946294546e+09 5.694320018166897080e-06
1.216284785873273611e+09 2.882132506328962899e-06
1.160451812155009508e+09 1.418256476782889178e-06
