1.160451812155009613e+11 1.071339195941127688e+08
1.107181824499245758e+11 8.732394853581649065e+07
1.056357170251665955e+11 6.888803700537389517e+07
1.007865597546993256e+11 5.511782223056937009e+07
9.616000073883721924e+10 4.442633956827590615e+07
9.174582171073652649e+10 3.578499357510058582e+07
8.753427346822663879e+10 2.882454940473167971e+07
8.351605434161854553e+10 2.311158119269354269e+07
7.968228964993840027e+10 1.856656682234603167e+07
7.602451210021636963e+10 1.488920094540569931e+07
7.253464308653169250e+10 1.191661395059419423e+07
6.920497484752114868e+10 9.561518024521652609e+06
6.602815344293519592e+10 7.673380682522894815e+06
6.299716251164765167e+10 6.153884887982688844e+06
6.010530777524835205e+10 4.937683884411656298e+06
5.734620225298871613e+10 3.952337907823469490e+06
5.471375215542827606e+10 3.376421176636490971e+06
5.220214342562898254e+10 2.532978087102709338e+06
4.980582889816610718e+10 2.030923197713577421e+06
4.751951604760201263e+10 1.626532471464480506e+06
4.533815529935813904e+10 1.302580872143554501e+06
4.325692887717103577e+10 1.042987600469520548e+06
4.127124016250241089e+10 8.343539730546115898e+05
3.937670354239767456e+10 6.745771212150097126e+05
3.756913472337635040e+10 5.354931001151332166e+05
3.584454148995694733e+10 4.293443231328390539e+05
3.419911488740753937e+10 3.437458562498053070e+05
3.262922080924921417e+10 2.753325205214875750e+05
3.113139197092984009e+10 2.209876718475249654e+05
2.970232025194263458e+10 1.772728219752029690e+05
2.833884938947735214e+10 1.421653630099851871e+05
2.703796800746408844e+10 1.140869968319278996e+05
2.579680296561730576e+10 9.142506249600897718e+04
2.461261301378763962e+10 7.345724009147906327e+04
2.348278273760774231e+10 5.894478520107443910e+04
2.240481678206132889e+10 4.739159886126213678e+04
2.137633434021510696e+10 3.807475120216666983e+04
2.039506389494423676e+10 3.064245925845215970e+04
1.945883820203543091e+10 2.460909120138032813e+04
1.856558950358842468e+10 1.985176538540656111e+04
1.771334496114469147e+10 1.594880394027107468e+04
1.690022229845508194e+10 1.284219978118323888e+04
1.612442564426526642e+10 1.035606718278705375e+04
1.538424156593536568e+10 8.352687320280492713e+03
1.467803528513445663e+10 6.732234962453502703e+03
1.400424706725241280e+10 5.437678883007954028e+03
1.336138877655317497e+10 4.390222967312362925e+03
1.274804058946294403e+10 3.544684400133345207e+03
1.216284785873273659e+10 2.871213266109790311e+03
1.160451812155009460e+10 2.321752108859753207e+03
