7.386520369079300694e-03 1.000000000000000000e+01 1.000000000000000000e+01
7.517196101243395039e-03 9.912721916780975917e+00 9.912717955681698001e+00
7.650183631943661099e-03 9.826192157721850506e+00 9.826185059289304746e+00
7.785523859458479135e-03 9.740414381565415169e+00 9.740409445055915327e+00
7.923258405602104718e-03 9.655383000172244934e+00 9.655378047203402758e+00
8.063429628524819426e-03 9.571092002185038083e+00 9.571086008977852444e+00
8.206080635739531476e-03 9.487537818772789677e+00 9.487530543115198611e+00
8.351255297378831766e-03 9.404725350269032447e+00 9.404717504418673713e+00
8.498998259686576726e-03 9.322632970567585886e+00 9.322626468188490279e+00
8.649354958748162181e-03 9.241250573610821917e+00 9.241250858505438259e+00
8.802371634463693195e-03 9.160580073777309096e+00 9.160581807085312889e+00
8.958095344768358947e-03 9.080617377300661985e+00 9.080612821719240557e+00
9.116573980104377209e-03 9.001349543531009800e+00 9.001343495665119931e+00
9.277856278148970126e-03 8.922768008863757316e+00 8.922762587386944944e+00
9.441991838802883327e-03 8.844873610882041604e+00 8.844869144461325661e+00
9.609031139444083533e-03 8.767664312481844746e+00 8.767658439437077789e+00
9.779025550451302812e-03 8.691140228579644855e+00 8.691128049501060104e+00
9.952027351002205174e-03 8.615271521733705029e+00 8.615261755525656540e+00
1.012808974515105181e-02 8.540065605588385012e+00 8.540056932160618786e+00
1.030726687819079508e-02 8.465516075992756129e+00 8.465507871534098783e+00
1.048961385330462841e-02 8.391620883425224164e+00 8.391612237242027206e+00
1.067518674851213045e-02 8.318368656171760023e+00 8.318360032494611644e+00
1.086404263391520242e-02 8.245755443302696719e+00 8.245747723789669692e+00
1.105623958924909639e-02 8.173776395170694542e+00 8.173769043767302733e+00
1.125183672174395744e-02 8.102426764709727891e+00 8.102417726226063266e+00
1.145089418430234388e-02 8.031700643589511301e+00 8.031688751489374667e+00
1.165347319399832882e-02 7.961591077691164031e+00 7.961578189018783114e+00
1.185963605090387639e-02 7.892092004835195240e+00 7.892081354766838253e+00
1.206944615724827273e-02 7.823199509553279363e+00 7.823191389810611795e+00
1.228296803691651500e-02 7.754910285997508090e+00 7.754900639292824138e+00
1.250026735529263626e-02 7.687218101006051185e+00 7.687205193208692222e+00
1.272141093945409508e-02 7.620115168068154254e+00 7.620102533092449448e+00
1.294646679872342096e-02 7.553597605244151580e+00 7.553586172993991710e+00
1.317550414558343180e-02 7.487662070262381064e+00 7.487649153239196664e+00
1.340859341696248180e-02 7.422302049211646491e+00 7.422287917678501046e+00
1.364580629589625532e-02 7.357511874093789039e+00 7.357498161871591336e+00
1.388721573357278721e-02 7.293287701570723591e+00 7.293273714209715486e+00
1.413289597176748541e-02 7.229624653275305235e+00 7.229609511044194470e+00
1.438292256567504784e-02 7.166517098210651859e+00 7.166501434346842281e+00
1.463737240714531145e-02 7.103960571624321041e+00 7.103944816371395632e+00
1.489632374833015603e-02 7.041950508923209284e+00 7.041934388433270797e+00
1.515985622574876970e-02 6.980482164465962036e+00 6.980465191388936397e+00
1.542805088477860673e-02 6.919550332661459358e+00 6.919532192265497983e+00
1.570099020457969494e-02 6.859150565353215434e+00 6.859131605748785887e+00
1.597875812345981444e-02 6.799277491471841017e+00 6.799258261687268323e+00
1.626144006468843717e-02 6.739926451998938361e+00 6.739907318420091720e+00
1.654912296276736181e-02 6.681093120040415556e+00 6.681073995660000264e+00
1.684189529016606734e-02 6.622774167491717989e+00 6.622754199380704421e+00
1.713984708453008057e-02 6.564964358617614515e+00 6.564942454092601132e+00
1.744306997637066689e-02 6.507660716770380382e+00 6.507635450748118444e+00
1.775165721724440010e-02 6.450857331867620559e+00 6.450828815062157773e+00
1.806570370843124315e-02 6.394549000490049373e+00 6.394519342268724316e+00
1.838530603011997999e-02 6.338730944481675067e+00 6.338702667158449877e+00
1.871056247110998438e-02 6.283398317841796477e+00 6.283374158654482677e+00
1.904157305903842953e-02 6.228550615523916534e+00 6.228529387505108872e+00
1.937843959114225051e-02 6.174183388085459079e+00 6.174160949376640062e+00
1.972126566556433799e-02 6.120292418606616991e+00 6.120265916914934046e+00
2.007015671321354597e-02 6.066871991327563052e+00 6.066841847876268012e+00
2.042522003018835963e-02 6.013916406450807273e+00 6.013885526788011582e+00
2.078656481077418086e-02 5.961422719111921786e+00 5.961391914992872465e+00
2.115430218102432730e-02 5.909387804429536928e+00 5.909356149632366773e+00
2.152854523293517772e-02 5.857807288379970778e+00 5.857774152452992489e+00
2.190940905922587195e-02 5.806677020093469643e+00 5.806642659286792352e+00
2.229701078873330689e-02 5.755993163327210560e+00 5.755957587066939496e+00
2.269146962243332941e-02 5.705751806588920338e+00 5.705714940316430450e+00
2.309290687009916618e-02 5.655948974235909255e+00 5.655910761379961293e+00
2.350144598760838324e-02 5.606580826341462931e+00 5.606541445983811656e+00
2.391721261490985240e-02 5.557643424574140845e+00 5.557602927184611907e+00
2.434033461466239209e-02 5.509133682325033199e+00 5.509092103354205072e+00
2.477094211155697959e-02 5.461047549631492970e+00 5.461004671135134103e+00
2.520916753233459068e-02 5.413381502863146011e+00 5.413336978511943620e+00
2.565514564651202520e-02 5.366131665863893119e+00 5.366085390034710301e+00
2.610901360782821173e-02 5.319294373417418065e+00 5.319246403615981222e+00
2.657091099642372792e-02 5.272865960587507672e+00 5.272816430995843184e+00
2.704097986176654672e-02 5.226842492905204196e+00 5.226791492427297570e+00
2.751936476633716488e-02 5.181220628487611002e+00 5.181168140855357152e+00
2.800621283008659229e-02 5.135997723458255670e+00 5.135943609140044330e+00
2.850167377568082680e-02 5.091169502830070748e+00 5.091113607190033363e+00
2.900589997454576865e-02 5.046732793496305547e+00 5.046674901690524351e+00
2.951904649372672981e-02 5.002684530139009489e+00 5.002624423567815448e+00
3.004127114357692252e-02 4.959020601858081356e+00 4.958958234859221825e+00
3.057273452628963065e-02 4.915738131239961284e+00 4.915673640992227256e+00
3.111360008528888527e-02 4.872833459568040482e+00 4.872766958548816696e+00
3.166403415549409739e-02 4.830303358117361334e+00 4.830234873003375284e+00
3.222420601447373995e-02 4.788144852417685726e+00 4.788074331982944187e+00
3.279428793450409746e-02 4.746354341418076217e+00 4.746281649805020209e+00
3.337445523554894572e-02 4.704929013987007913e+00 4.704853908536152041e+00
3.396488633917654071e-02 4.663865043907706287e+00 4.663787368577635206e+00
3.456576282343044870e-02 4.623159615176837711e+00 4.623079291577195882e+00
3.517726947867105131e-02 4.582810151886340222e+00 4.582727171107448427e+00
3.579959436440504489e-02 4.542812710773671547e+00 4.542727057018193015e+00
3.643292886712021228e-02 4.503164682904243321e+00 4.503076372877587552e+00
3.707746775914344539e-02 4.463862979684341425e+00 4.463772005432852019e+00
3.773340925853995581e-02 4.424904299478033209e+00 4.424810565553705111e+00
3.840095509007224184e-02 4.386286201711772748e+00 4.386189526224596236e+00
3.908031054723742209e-02 4.348005224285516057e+00 4.347905464469884684e+00
3.977168455540212172e-02 4.310058790230375969e+00 4.309955849914746118e+00
4.047528973605424990e-02 4.272443560702776644e+00 4.272337349673542839e+00
4.119134247219151390e-02 4.235156844784249586e+00 4.235047297493075291e+00
4.192006297486666061e-02 4.198195997691255954e+00 4.198083062197683901e+00
4.266167535091004021e-02 4.161557957387002737e+00 4.161441562088996626e+00
4.341640767185022537e-02 4.125239979107160337e+00 4.125120009560908407e+00
4.418449204405390518e-02 4.089239390597063206e+00 4.089115698962914713e+00
4.496616468010664058e-02 4.053553607317526009e+00 4.053426076212203633e+00
4.576166597145644999e-02 4.018179213804589978e+00 4.018047722674881861e+00
4.657124056234251269e-02 3.983113548691366912e+00 3.982977984274143068e+00
4.739513742503172200e-02 3.948354196795307303e+00 3.948214461028711320e+00
4.823360993638634714e-02 3.913898348370286051e+00 3.913754356132692180e+00
4.908691595578616729e-02 3.879743487072743413e+00 3.879595138873532800e+00
4.995531790442919035e-02 3.845886944146001518e+00 3.845734110650731452e+00
5.083908284603527034e-02 3.812326131704512733e+00 3.812168672436518690e+00
5.173848256897747161e-02 3.779058492111420087e+00 3.778896276806950283e+00
5.265379366986640275e-02 3.746081407397212626e+00 3.745914313929178618e+00
5.358529763861328427e-02 3.713392407462996037e+00 3.713220308385908996e+00
5.453328094499786810e-02 3.680988952131226455e+00 3.680811720863191638e+00
5.549803512676779182e-02 3.648868720651536890e+00 3.648686226648856668e+00
5.647985687929659576e-02 3.617029209579927684e+00 3.616841315982422422e+00
5.747904814682781166e-02 3.585467666322056157e+00 3.585274225106093837e+00
5.849591621533329483e-02 3.554181769173774708e+00 3.553982629453213971e+00
5.953077380701433247e-02 3.523169321516869790e+00 3.522964333846361207e+00
6.058393917647455357e-02 3.492427744535210543e+00 3.492216758238346319e+00
6.165573620859425563e-02 3.461954604661451107e+00 3.461737467532137291e+00
6.274649451813625600e-02 3.431747805489030245e+00 3.431524362337964540e+00
6.385654955111383368e-02 3.401804887659235721e+00 3.401574981560715472e+00
6.498624268795206993e-02 3.372123471178134491e+00 3.371886942650453634e+00
6.613592134847411097e-02 3.342701466268256372e+00 3.342458151268564936e+00
6.730593909874482694e-02 3.313536491085711688e+00 3.313286219869689742e+00
6.849665575980466714e-02 3.284626289675228517e+00 3.284368888254684204e+00
6.970843751832708768e-02 3.255968751040506870e+00 3.255704043831598948e+00
7.094165703923364930e-02 3.227561557726576158e+00 3.227289367638441320e+00
7.219669358030145201e-02 3.199402586368476520e+00 3.199122733154549092e+00
7.347393310879797579e-02 3.171489696573797090e+00 3.171201996451162852e+00
7.477376842017947889e-02 3.143820697263091102e+00 3.143524963202987799e+00
7.609659925888920262e-02 3.116393659967939378e+00 3.116089701809017676e+00
7.744283244129260280e-02 3.089206394510142228e+00 3.088894018334775726e+00
7.881288198078759133e-02 3.062256492828182797e+00 3.061935500420070344e+00
8.020716921512789643e-02 3.035542090746548460e+00 3.035212280939960205e+00
8.162612293599916247e-02 3.009061248077212536e+00 3.008722416939564326e+00
8.307017952088716073e-02 2.982811739681192176e+00 2.982463680533641526e+00
8.453978306727905068e-02 2.956791602888289461e+00 2.956434105830203940e+00
8.603538552923876981e-02 2.930998966710222753e+00 2.930631818285904799e+00
8.755744685639854641e-02 2.905431698873977453e+00 2.905054682139934119e+00
8.910643513540941751e-02 2.880087863231477918e+00 2.879700757856054061e+00
9.068282673389405080e-02 2.854965611860275310e+00 2.854568194176869689e+00
9.228710644694636256e-02 2.830062889654357594e+00 2.829654932541903811e+00
9.391976764622277096e-02 2.805377842123595311e+00 2.804959115117267476e+00
9.558131243167115876e-02 2.780908612306943972e+00 2.780478881688686510e+00
9.727225178594396671e-02 2.756653224077560083e+00 2.756212252931578011e+00
9.899310573154311566e-02 2.732609901752236503e+00 2.732157449808281680e+00
1.007444034907449548e-01 2.708776771047428866e+00 2.708312594703895293e+00
1.025266836483544330e-01 2.685152025482814508e+00 2.684675877814214129e+00
1.043404943173386751e-01 2.661733983576353602e+00 2.661245614320789432e+00
1.061863933073906724e-01 2.638520714979814219e+00 2.638019870476181250e+00
1.080649482964751440e-01 2.615510188265278479e+00 2.614996611429595941e+00
1.099767370054091919e-01 2.592700911392193497e+00 2.592174341918867864e+00
1.119223473755314724e-01 2.570091133248599835e+00 2.569551307598912704e+00
1.139023777495145884e-01 2.547678938778165314e+00 2.547125590217802937e+00
1.159174370553761740e-01 2.525462748127481838e+00 2.524895606623826172e+00
1.179681449937453885e-01 2.503440889796952451e+00 2.502859682023829802e+00
1.200551322284424127e-01 2.481611526814482271e+00 2.481015976161658365e+00
1.221790405804293461e-01 2.459973083245193148e+00 2.459362909871476877e+00
1.243405232251925813e-01 2.438523921850471510e+00 2.437898842698646540e+00
1.265402448936165658e-01 2.417262285010459255e+00 2.416622013825366455e+00
1.287788820764120823e-01 2.396186635884409721e+00 2.395530883272578571e+00
1.310571232321603163e-01 2.375295342833522838e+00 2.374623816320001968e+00
1.333756689990377720e-01 2.354586737641116034e+00 2.353899141684503427e+00
1.357352324102868435e-01 2.334059313752634868e+00 2.333355349625813702e+00
1.381365391134982967e-01 2.313711441732142049e+00 2.312990807522346426e+00
1.405803275937730357e-01 2.293541641028370215e+00 2.292804031798580944e+00
1.430673494008319335e-01 2.273548421116913243e+00 2.272793528981890798e+00
1.455983693801433387e-01 2.253730089743299914e+00 2.252957603862604685e+00
1.481741659081396989e-01 2.234084985373700594e+00 2.233294591956293207e+00
1.507955311315952451e-01 2.214611848494643098e+00 2.213803230717207082e+00
1.534632712112386221e-01 2.195309123577785737e+00 2.194481961611539855e+00
1.561782065696752653e-01 2.176175194003365121e+00 2.175329165028538014e+00
1.589411721436958524e-01 2.157208754217230684e+00 2.156343532598096857e+00
1.617530176410482134e-01 2.138408321376367827e+00 2.137523578698842908e+00
1.646146078017520775e-01 2.119772337458260658e+00 2.118867742582390079e+00
1.675268226640365399e-01 2.101299494693401382e+00 2.100374713619143296e+00
1.704905578349823203e-01 2.082988348509747567e+00 2.082043044419244815e+00
1.735067247659521084e-01 2.064837417307753942e+00 2.063871250607707708e+00
1.765762510328933166e-01 2.046845403580677569e+00 2.045858032066984133e+00
1.797000806216000057e-01 2.029010878271207741e+00 2.028001957182302473e+00
1.828791742180212176e-01 2.011332455207507586e+00 2.010301637243906203e+00
1.861145095037051445e-01 1.993808828805855526e+00 1.992755764114093386e+00
1.894070814564702276e-01 1.976438603180615372e+00 1.975362939419885722e+00
1.927579026563952524e-01 1.959220551674855981e+00 1.958121934001284536e+00
1.961680035972229452e-01 1.942153353731461252e+00 1.941031424806723971e+00
1.996384330032724141e-01 1.925235522309101333e+00 1.924089922296426725e+00
2.031702581519584105e-01 1.908465753393710607e+00 1.907296120013436846e+00
2.067645652020159985e-01 1.891842917809259950e+00 1.890648886403408557e+00
2.104224595275321352e-01 1.875365652627159374e+00 1.874146856164854213e+00
2.141450660578865239e-01 1.859032624969672476e+00 1.857788694096230264e+00
2.179335296237063790e-01 1.842842718921381406e+00 1.841573282029628444e+00
2.217890153089416283e-01 1.826794628490606698e+00 1.825499311799949842e+00
2.257127088091685219e-01 1.810887057719959836e+00 1.809565485338239466e+00
2.297058167962322817e-01 1.795118892128838572e+00 1.793770686062688302e+00
2.337695672893404519e-01 1.779488863615987793e+00 1.778113643883902029e+00
2.379052100327214425e-01 1.763995746278140375e+00 1.762593130850203860e+00
2.421140168799642001e-01 1.748638417009543033e+00 1.747208021623334773e+00
2.463972821851573292e-01 1.733415636946291860e+00 1.731957075063594864e+00
2.507563232009478726e-01 1.718326258722051358e+00 1.716839141822328996e+00
2.551924804836421812e-01 1.703369140570081708e+00 1.701853078377512762e+00
2.597071183054733834e-01 1.688543103367035947e+00 1.686997703883868382e+00
2.643016250741625495e-01 1.673847112727788300e+00 1.672271981892428094e+00
2.689774137599022508e-01 1.659280001804639193e+00 1.657674743750494839e+00
2.737359223298937438e-01 1.644840479563620006e+00 1.643204696747957438e+00
2.785786141905717828e-01 1.630527528842341090e+00 1.628860821907013978e+00
2.835069786376531176e-01 1.616340123124011985e+00 1.614642090891087900e+00
2.885225313141461800e-01 1.602277073085578873e+00 1.600547312604309047e+00
2.936268146764642317e-01 1.588337309785507800e+00 1.586575416430121788e+00
2.988213984687839164e-01 1.574519841326931902e+00 1.572725408907929667e+00
3.041078802057962660e-01 1.560823528124353432e+00 1.558996148954003180e+00
3.094878856639978748e-01 1.547247317595739080e+00 1.545386582420716692e+00
3.149630693816733440e-01 1.533790228570596659e+00 1.531895726477373376e+00
3.205351151677234278e-01 1.520451160922229317e+00 1.518522479363625388e+00
3.262057366194945351e-01 1.507229110176984799e+00 1.505265835108124950e+00
3.319766776497694027e-01 1.494123088452993020e+00 1.492124804445723596e+00
3.378497130230808110e-01 1.481132034471658976e+00 1.479098324766584760e+00
3.438266489015131544e-01 1.468254991649931229e+00 1.466185438016694098e+00
3.499093234001598440e-01 1.455490961429839469e+00 1.453385144172745225e+00
3.560996071524077378e-01 1.442838963517851569e+00 1.440696461543903295e+00
3.623994038852214605e-01 1.430298104281319427e+00 1.428118495228589246e+00
3.688106510046058606e-01 1.417867356506309795e+00 1.415650216723617572e+00
3.753353201914252368e-01 1.405545623107372410e+00 1.403290527688591860e+00
3.819754180077633010e-01 1.393332093193424104e+00 1.391038615938328560e+00
3.887329865140115581e-01 1.381225840960518036e+00 1.378893554408980426e+00
3.956101038968728445e-01 1.369225839473450668e+00 1.366854314934407233e+00
4.026088851084763109e-01 1.357331228734510287e+00 1.354920036325623967e+00
4.097314825167981400e-01 1.345541123424378149e+00 1.343089832116064475e+00
4.169800865675898360e-01 1.333854539141084539e+00 1.331362716806762325e+00
4.243569264580158151e-01 1.322270620056298807e+00 1.319737833407241157e+00
4.318642708222091842e-01 1.310788497302474376e+00 1.308214311880396608e+00
4.395044284289552627e-01 1.299407227191377912e+00 1.296791207385986411e+00
4.472797488917180653e-01 1.288125979435758905e+00 1.285467688551059640e+00
4.551926233912280684e-01 1.276943886136068240e+00 1.274242886424743038e+00
4.632454854108529751e-01 1.265860047988738524e+00 1.263115900681765380e+00
4.714408114849786280e-01 1.254873657025440625e+00 1.252085922318830091e+00
4.797811219606287758e-01 1.243983842760462144e+00 1.241152079866678859e+00
4.882689817725596737e-01 1.233189801751889636e+00 1.230313568882992259e+00
4.969070012320660479e-01 1.222490743724750750e+00 1.219569598087979490e+00
5.056978368297426751e-01 1.211885768495808646e+00 1.208919266328553066e+00
5.146441920524472691e-01 1.201373969431285493e+00 1.198361666012524918e+00
5.237488182147165272e-01 1.190954672773078205e+00 1.187896122418758305e+00
5.330145153048904128e-01 1.180627053091253043e+00 1.177521809177258350e+00
5.424441328462064060e-01 1.170390238264676031e+00 1.167237853247751644e+00
5.520405707731259604e-01 1.160243523153386080e+00 1.157043548598331695e+00
5.618067803231655555e-01 1.150186121187435573e+00 1.146938107805211882e+00
5.717457649445041312e-01 1.140217193391800166e+00 1.136920691066440448e+00
5.818605812196480098e-01 1.130336033869642653e+00 1.126990591543097109e+00
5.921543398054355256e-01 1.120541875308168400e+00 1.117147040970296379e+00
6.026302063896723515e-01 1.110833918501310524e+00 1.107389239197870134e+00
6.132914026646900663e-01 1.101211466728650779e+00 1.097716488736274698e+00
6.241412073181284992e-01 1.091673759121652099e+00 1.088128027988858104e+00
6.351829570412456105e-01 1.082220044540297188e+00 1.078623105063356347e+00
6.464200475550657687e-01 1.072849627677451290e+00 1.069201023761551905e+00
6.578559346546822839e-01 1.063561759309437305e+00 1.059861033993396928e+00
6.694941352720336081e-01 1.054355776451028293e+00 1.050602472016360922e+00
6.813382285574822728e-01 1.045230978789758236e+00 1.041424636747912968e+00
6.933918569805276322e-01 1.036186575715741354e+00 1.032326736773596876e+00
7.056587274499916962e-01 1.027221846149574791e+00 1.023308050224427612e+00
7.181426124540217781e-01 1.018336197100722096e+00 1.014367983348550384e+00
7.308473512202622313e-01 1.009528902526970251e+00 1.005505809333774092e+00
7.437768508965493242e-01 1.000799237387885343e+00 9.967208023838238784e-01
7.569350877524950727e-01 9.921466061342365528e-01 9.880123662235144044e-01
7.703261084023279581e-01 9.835703145144194526e-01 9.793798058958008701e-01
7.839540310493673392e-01 9.750696599035520995e-01 9.708224180878026743e-01
7.978230467525136982e-01 9.666440463921233128e-01 9.623396061907016907e-01
8.119374207151445200e-01 9.582927993824484902e-01 9.539306949317495343e-01
8.263014935968123753e-01 9.500152531481840246e-01 9.455950178998526745e-01
8.409196828481485531e-01 9.418108099515730691e-01 9.373319766294139210e-01
8.557964840693815800e-01 9.336788075123780839e-01 9.291409080872151671e-01
8.709364723928911811e-01 9.256186247002508027e-01 9.210211904674617811e-01
8.863443038902194537e-01 9.176296539664825502e-01 9.129722156218906814e-01
9.020247170039746853e-01 9.097112598098748837e-01 9.049933474587460447e-01
9.179825340050666860e-01 9.018628865702815744e-01 8.970840296325285346e-01
9.342226624757227205e-01 8.940839151481879687e-01 8.892436424111849202e-01
9.507500968187384549e-01 8.863736554040597682e-01 8.814714950458693021e-01
9.675699197934310991e-01 8.787315465453889862e-01 8.737670261646044434e-01
9.846873040787631481e-01 8.711570487202761059e-01 8.661296953583580427e-01
1.002107513864121335e+00 8.636495281216518549e-01 8.585588682763211077e-01
1.019835906468237186e+00 8.562083989374270621e-01 8.510539585710990007e-01
1.037877933986748324e+00 8.488331372072344116e-01 8.436144417459556788e-01
1.056239144968907251e+00 8.415231354825476462e-01 8.362397098071823187e-01
1.074925186123951937e+00 8.342778191291373435e-01 8.289291876071752663e-01
1.093941804057665612e+00 8.270966682721276886e-01 8.216823548076307437e-01
1.113294847039657309e+00 8.199790949677284724e-01 8.144986229872773764e-01
1.132990266801906731e+00 8.129245535240271492e-01 8.073774460043039447e-01
1.153034120369129667e+00 8.059325191948516487e-01 8.003182986839121327e-01
1.173432571921521728e+00 7.990024227376697485e-01 7.933206113591964037e-01
1.194191894690458611e+00 7.921337476046790282e-01 7.863838671086399446e-01
1.215318472887731982e+00 7.853259622762863712e-01 7.795075340605118752e-01
1.236818803668915612e+00 7.785785352119671821e-01 7.726910803453045373e-01
1.258699499131467281e+00 7.718909903046639043e-01 7.659340295637242502e-01
1.280967288348176414e+00 7.652627816597453725e-01 7.592358355313895135e-01
1.303629019436588710e+00 7.586933181546546834e-01 7.525959068419847409e-01
1.326691661665039490e+00 7.521821563887197692e-01 7.460137998999215592e-01
1.350162307595945022e+00 7.457288079141333181e-01 7.394890260636176604e-01
1.374048175267011507e+00 7.393327228452402089e-01 7.330210352434575194e-01
1.398356610411032985e+00 7.329934313057583362e-01 7.266093574302074920e-01
1.423095088714957823e+00 7.267104648886207885e-01 7.202535241043310776e-01
1.448271218118921899e+00 7.204832966749898926e-01 7.139530082166851699e-01
1.473892741155955033e+00 7.143114604046850724e-01 7.077073434951305364e-01
1.499967537333076750e+00 7.081944951135199506e-01 7.015160690340508376e-01
1.526503625554520349e+00 7.021318943611355445e-01 6.953786784732896020e-01
1.553509166587821344e+00 6.961232082061473703e-01 6.892947219563380079e-01
1.580992465573538786e+00 6.901679749773173000e-01 6.832637378975544573e-01
1.608961974579373289e+00 6.842657099900864015e-01 6.772852417127194213e-01
1.637426295199470250e+00 6.784159785373495843e-01 6.713587989553347901e-01
1.666394181199709612e+00 6.726183158332050827e-01 6.654839451148627516e-01
1.695874541209791753e+00 6.668722844469729960e-01 6.596602430829980879e-01
1.725876441462950384e+00 6.611774650448317692e-01 6.538872738923071637e-01
1.756409108584133572e+00 6.555333782354596517e-01 6.481645585354015582e-01
1.787481932427511078e+00 6.499395300589495550e-01 6.424916034755830951e-01
1.819104468964179988e+00 6.443955570292103641e-01 6.368680458111511955e-01
1.851286443220957700e+00 6.389010211618355584e-01 6.312934481257356234e-01
1.884037752271164656e+00 6.334554520431544544e-01 6.257673405927016708e-01
1.917368468278317861e+00 6.280584664724835342e-01 6.202893407558829342e-01
1.951288841593669776e+00 6.227096466711348199e-01 6.148590315964236330e-01
1.985809303908548484e+00 6.174085405941925897e-01 6.094759618466185636e-01
2.020940471462462806e+00 6.121547649743527275e-01 6.041397491741541392e-01
2.056693148307966901e+00 6.069479112800535425e-01 5.988499860163125632e-01
2.093078329633274226e+00 6.017875477689201835e-01 5.936062416345410098e-01
2.130107205143668914e+00 5.966732980861655378e-01 5.884081407971781807e-01
2.167791162502722635e+00 5.916047560396742178e-01 5.832552784539144497e-01
2.206141790834397209e+00 5.865815137351203523e-01 5.781472479262507180e-01
2.245170884287100765e+00 5.816031984511124131e-01 5.730836778691724698e-01
2.284890445660801017e+00 5.766694070378244330e-01 5.680641665399771556e-01
2.325312690098297885e+00 5.717797787992581204e-01 5.630883547661634791e-01
2.366450048841808318e+00 5.669339406353519628e-01 5.581558710300439374e-01
2.408315173056000180e+00 5.621314705657943778e-01 5.532662949460863677e-01
2.450920937718668480e+00 5.573719692642071788e-01 5.484192289002799425e-01
2.494280445580232985e+00 5.526551217537184479e-01 5.436143598426724788e-01
2.538407031193292696e+00 5.479805394821172237e-01 5.388513011067208591e-01
2.583314265013460176e+00 5.433478271493276113e-01 5.341296593556538186e-01
2.629015957572749418e+00 5.387566631171838427e-01 5.294491151670859264e-01
2.675526163726792195e+00 5.342066761425970922e-01 5.248092995134219230e-01
2.722859186977193868e+00 5.296974838730699187e-01 5.202098323343984365e-01
2.771029583870356472e+00 5.252287639095163385e-01 5.156503937187397746e-01
2.820052168474122656e+00 5.208001547857670221e-01 5.111306247100669831e-01
2.869942016933613171e+00 5.164112932491066177e-01 5.066501646648988721e-01
2.920714472107665660e+00 5.120618571398132257e-01 5.022086942377808061e-01
2.972385148287296275e+00 5.077514898734553084e-01 4.978058596847940720e-01
3.024969935997635417e+00 5.034798521058692078e-01 4.934413246482486359e-01
3.078485006884814634e+00 4.992466170965184080e-01 4.891147655096602098e-01
3.132946818689309687e+00 4.950514396141970641e-01 4.848258402284598145e-01
3.188372120307267021e+00 4.908940170851142648e-01 4.805742496480874260e-01
3.244777956941367947e+00 4.867740172879206906e-01 4.763596650049826686e-01
3.302181675342822142e+00 4.826910682955888876e-01 4.721817178467145326e-01
3.360600929146094984e+00 4.786448574185176441e-01 4.680400992299417751e-01
3.420053684298010488e+00 4.746350964955122209e-01 4.639345249219778977e-01
3.480558224582905869e+00 4.706614439488995272e-01 4.598646572539490385e-01
3.542133157245527464e+00 4.667235752714104513e-01 4.558301758047282326e-01
3.604797418713404422e+00 4.628212088655037082e-01 4.518308033181799299e-01
3.668570280420456964e+00 4.589540166394945331e-01 4.478662160410488147e-01
3.733471354733630676e+00 4.551216811040150745e-01 4.439361009861345631e-01
3.799520600984380714e+00 4.513239216067694848e-01 4.400401822426401877e-01
3.866738331606856871e+00 4.475604194889334364e-01 4.361781459143286854e-01
3.935145218384681343e+00 4.438308736949317379e-01 4.323496959032829823e-01
4.004762298808242527e+00 4.401350002061638622e-01 4.285545533427607134e-01
4.075610982544447758e+00 4.364724889117374551e-01 4.247924133285458925e-01
4.147713058020943144e+00 4.328430556027448861e-01 4.210629970908891240e-01
4.221090699126810009e+00 4.292464118357955938e-01 4.173660217554771013e-01
4.295766472031800731e+00 4.256822648143782084e-01 4.137012002283571022e-01
4.371763342126224750e+00 4.221503543866746422e-01 4.100682783294007372e-01
4.449104681083597690e+00 4.186503846031205955e-01 4.064669661017932256e-01
4.527814274048244769e+00 4.151820321634955291e-01 4.028969462900262033e-01
4.607916326950056707e+00 4.117450484197559546e-01 3.993579767080687182e-01
4.689435473948652344e+00 4.083391692665306882e-01 3.958497998014369745e-01
4.772396785009236808e+00 4.049640944716032531e-01 3.923721218980069092e-01
4.856825773612485797e+00 4.016195612354284128e-01 3.889246870966021064e-01
4.942748404600827428e+00 3.983053148245809805e-01 3.855072477760317362e-01
5.030191102163528605e+00 3.950210668438973727e-01 3.821195226868173700e-01
5.119180757963053274e+00 3.917665568577230473e-01 3.787612587785686991e-01
5.209744739405178571e+00 3.885415331410027040e-01 3.754322118745936354e-01
5.301910898055422372e+00 3.853457173394627122e-01 3.721321112054076230e-01
5.395707578204366861e+00 3.821788586090810180e-01 3.688607138430813337e-01
5.491163625584509766e+00 3.790407038443865950e-01 3.656177747661519262e-01
5.588308396241326470e+00 3.759309849698229677e-01 3.624030340774800352e-01
5.687171765561274128e+00 3.728494604020682890e-01 3.592162586372452671e-01
5.787784137459509815e+00 3.697958744917808627e-01 3.560572013386314461e-01
5.890176453730146200e+00 3.667699817887907221e-01 3.529256254925547398e-01
5.994380203561929576e+00 3.637715515295075197e-01 3.498213093338814472e-01
6.100427433222254336e+00 3.608003201756835865e-01 3.467439983098484779e-01
6.208350755912506180e+00 3.578560120651432808e-01 3.436934258520179530e-01
6.318183361797746755e+00 3.549384221258982119e-01 3.406693965972289462e-01
6.429959028213846572e+00 3.520473094609189446e-01 3.376716793492220980e-01
6.543712130055183707e+00 3.491824125720687788e-01 3.347000223923932150e-01
6.659477650346117272e+00 3.463435146599517234e-01 3.317542190023850535e-01
6.777291190999480186e+00 3.435303849461767700e-01 3.288340485343822506e-01
6.897188983765403236e+00 3.407427717021714320e-01 3.259392694090993414e-01
7.019207901373834879e+00 3.379804580252638302e-01 3.230696753736302385e-01
7.143385468874182465e+00 3.352432172278276279e-01 3.202250505170273764e-01
7.269759875175570762e+00 3.325308076017821635e-01 3.174051639887899845e-01
7.398369984791250076e+00 3.298430165706647821e-01 3.146098143231100819e-01
7.529255349790789253e+00 3.271796179159916496e-01 3.118387864842487867e-01
7.662456221963703129e+00 3.245403815667582403e-01 3.090918617323412110e-01
7.798013565198275820e+00 3.219250978646104322e-01 3.063688421104240889e-01
7.935969068079378630e+00 3.193335407496874501e-01 3.036695133127815249e-01
8.076365156709153226e+00 3.167655045714812267e-01 3.009936817043609159e-01
8.219245007754514276e+00 3.142207805984035263e-01 2.983411507020502507e-01
8.364652561725463897e+00 3.116991336332599616e-01 2.957116972518036291e-01
8.512632536488331070e+00 3.092003348356170966e-01 2.931051048482324894e-01
8.663230441018063388e+00 3.067242056457955002e-01 2.905212077419176975e-01
8.816492589393812196e+00 3.042705282771450137e-01 2.879598008146089794e-01
8.972466115042125878e+00 3.018390783026587143e-01 2.854206724085006641e-01
9.131198985232101606e+00 2.994296714686334182e-01 2.829036516027586545e-01
9.292740015826996824e+00 2.970420989557762681e-01 2.804085428758653631e-01
9.457138886296794666e+00 2.946761433640922578e-01 2.779351422147601780e-01
9.624446154996363134e+00 2.923316197977836595e-01 2.754832783849008315e-01
9.794713274713904738e+00 2.900083241832404624e-01 2.730527609490065455e-01
9.967992608494469664e+00 2.877060489411777389e-01 2.706433960691332352e-01
1.014433744574341567e+01 2.854246096901926766e-01 2.682550135435854965e-01
1.032380201861474589e+01 2.831638041981728859e-01 2.658874252759595436e-01
1.050644151868936760e+01 2.809234372338021979e-01 2.635404503553501754e-01
1.069231211394843584e+01 2.787033224385928043e-01 2.612139169339865452e-01
1.088147096604693864e+01 2.765032623237055343e-01 2.589076420667376088e-01
1.107397624789290091e+01 2.743230817563488411e-01 2.566214654925678684e-01
1.126988716153756087e+01 2.721625917070456535e-01 2.543552130304694292e-01
1.146926395638206486e+01 2.700215815144405562e-01 2.521086887589664705e-01
1.167216794770624055e+01 2.678998677937463047e-01 2.498817244440692531e-01
1.187866153552517368e+01 2.657972855234873033e-01 2.476741705315019249e-01
1.208880822377937925e+01 2.637136400221285482e-01 2.454858476102604603e-01
1.230267263986446480e+01 2.616487427138350919e-01 2.433165825420371409e-01
1.252032055450629144e+01 2.596024309860100465e-01 2.411662285066780709e-01
1.274181890198776301e+01 2.575745172288605445e-01 2.390346135174659381e-01
1.296723580073343385e+01 2.555648170863353830e-01 2.369215689576358308e-01
1.319664057425828396e+01 2.535731680767150387e-01 2.348269483937368007e-01
1.343010377248711151e+01 2.515993874053379376e-01 2.327505849018810247e-01
1.366769719345107426e+01 2.496432996689220418e-01 2.306923191415153618e-01
1.390949390536808394e+01 2.477047406600036972e-01 2.286520032274983738e-01
1.415556826911380739e+01 2.457835316120172420e-01 2.266294746095088575e-01
1.440599596109022329e+01 2.438795066449362114e-01 2.246245838255055693e-01
1.466085399649873189e+01 2.419924990746007420e-01 2.226371806511047990e-01
1.492022075302501172e+01 2.401223385763646967e-01 2.206671112416788982e-01
1.518417599494286740e+01 2.382688729686257834e-01 2.187142402089730653e-01
1.545280089764451503e+01 2.364319318410419146e-01 2.167784137260528321e-01
1.572617807260482792e+01 2.346113294219563106e-01 2.148594624310223578e-01
1.600439159278723267e+01 2.328069178250991300e-01 2.129572554293809317e-01
1.628752701849906614e+01 2.310185441255213912e-01 2.110716567483893746e-01
1.657567142370432478e+01 2.292460352837092930e-01 2.092025100356524614e-01
1.686891342280193840e+01 2.274892363251102279e-01 2.073496773054600284e-01
1.716734319787777352e+01 2.257479990905462419e-01 2.055130275113015437e-01
1.747105252643874351e+01 2.240221569714403727e-01 2.036924108879502593e-01
1.778013480963758397e+01 2.223115567458130437e-01 2.018876912837565263e-01
1.809468510099694427e+01 2.206160517984960268e-01 2.000987392648789498e-01
1.841480013564163443e+01 2.189354808444132494e-01 1.983254104893026337e-01
1.874057836004805111e+01 2.172696963821779126e-01 1.965675746394418555e-01
1.907211996231988138e+01 2.156185511142714450e-01 1.948251016028563765e-01
1.940952690299934957e+01 2.139818891910718335e-01 1.930978525601997342e-01
1.975290294642374889e+01 2.123595687197836201e-01 1.913857028857609555e-01
2.010235369263647698e+01 2.107514411779533026e-01 1.896885211886562006e-01
2.045798660986273987e+01 2.091573622855638637e-01 1.880061803709509594e-01
2.081991106755977228e+01 2.075771970446018133e-01 1.863385627446924042e-01
2.118823837005171384e+01 2.060107931337850917e-01 1.846855329299323389e-01
2.156308179075956843e+01 2.044579909477045321e-01 1.830469480760698042e-01
2.194455660703669864e+01 2.029186682608848380e-01 1.814227034341753531e-01
2.233278013562062014e+01 2.013926853283246332e-01 1.798126763313606657e-01
2.272787176871196380e+01 1.998798909081860864e-01 1.782167323105658951e-01
2.312995301069171816e+01 1.983801568588309527e-01 1.766347604385754833e-01
2.353914751548803252e+01 1.968933489642812618e-01 1.750666435155040779e-01
2.395558112460410527e+01 1.954193215454647914e-01 1.735122525647649905e-01
2.437938190581879994e+01 1.939579469831476111e-01 1.719714770101248014e-01
2.481068019257192958e+01 1.925090935290969252e-01 1.704442019794141505e-01
2.524960862404631712e+01 1.910726211880028891e-01 1.689303040860912486e-01
2.569630218595893822e+01 1.896484052905749729e-01 1.674296755348321786e-01
2.615089825207370566e+01 1.882363146523355901e-01 1.659422017631243251e-01
2.661353662644868834e+01 1.868362157329562789e-01 1.644677657022000083e-01
2.708435958643067920e+01 1.854479861543341379e-01 1.630062616423701982e-01
2.756351192641043824e+01 1.840714951388973120e-01 1.615575751540225258e-01
2.805114100235197938e+01 1.827066224044394671e-01 1.601216024707192431e-01
2.854739677710963619e+01 1.813532468184634316e-01 1.586982388405383804e-01
2.905243186654685061e+01 1.800112334581749907e-01 1.572873652381259479e-01
2.956640158647084249e+01 1.786804502038242815e-01 1.558888654021133024e-01
3.008946400039760150e+01 1.773607921072747340e-01 1.545026508644298524e-01
3.062177996816190273e+01 1.760521338983462858e-01 1.531286121446579218e-01
3.116351319538729570e+01 1.747543466751348418e-01 1.517666358962085071e-01
3.171483028383124747e+01 1.734673228881464802e-01 1.504166306092352690e-01
3.227590078262096540e+01 1.721909425425999507e-01 1.490784918185735219e-01
3.284689724039563430e+01 1.709250811113957880e-01 1.477521102446618662e-01
3.342799525837111929e+01 1.696696312812312479e-01 1.464373942091918013e-01
3.401937354434342353e+01 1.684244760537542129e-01 1.451342418879736640e-01
3.462121396764751324e+01 1.671894966287178208e-01 1.438425494422401196e-01
3.523370161508848497e+01 1.659645866435912331e-01 1.425622257231306811e-01
3.585702484786214939e+01 1.647496306427058965e-01 1.412931700202064711e-01
3.649137535948263178e+01 1.635445169378840491e-01 1.400352853531254271e-01
3.713694823473480966e+01 1.623491387776548611e-01 1.387884796738411697e-01
3.779394200966959971e+01 1.611633837720957696e-01 1.375526549218115402e-01
3.846255873266072456e+01 1.599871513984041649e-01 1.363277251521464450e-01
3.914300402654156841e+01 1.588203341377500410e-01 1.351135969806220305e-01
3.983548715184134892e+01 1.576628133944223686e-01 1.339101653439252748e-01
4.054022107113996753e+01 1.565144851188962627e-01 1.327173400858317198e-01
4.125742251456140508e+01 1.553752548679844248e-01 1.315350408237482005e-01
4.198731204642576387e+01 1.542450130155758881e-01 1.303631712107599094e-01
4.273011413308039863e+01 1.531236535561836254e-01 1.292016384649044558e-01
4.348605721193116835e+01 1.520110839574586037e-01 1.280503636074917517e-01
4.425537376169479842e+01 1.509071989201902497e-01 1.269092541694494258e-01
4.503830037389421648e+01 1.498118953518264851e-01 1.257782197617248743e-01
4.583507782561858335e+01 1.487250814759578932e-01 1.246571815476500422e-01
4.664595115357064969e+01 1.476466551922815396e-01 1.235460496971635264e-01
4.747116972942402668e+01 1.465765188082138182e-01 1.224447387620728328e-01
4.831098733651359822e+01 1.455145802983421610e-01 1.213531689915049311e-01
4.916566224788275719e+01 1.444607404504639203e-01 1.202712528854702062e-01
5.003545730571126171e+01 1.434149071674447884e-01 1.191989101397159106e-01
5.092064000214836739e+01 1.423769878623383223e-01 1.181360596872618324e-01
5.182148256157591959e+01 1.413468886241466549e-01 1.170826188282772518e-01
5.273826202432679366e+01 1.403245249870545830e-01 1.160385145104627924e-01
5.367126033188441880e+01 1.393098030896733341e-01 1.150036635664211659e-01
5.462076441358954071e+01 1.383026216404928677e-01 1.139779747668595578e-01
5.558706627488098206e+01 1.373028997518621896e-01 1.129613780363328268e-01
5.657046308709740146e+01 1.363105531279090732e-01 1.119537994444642498e-01
5.757125727886782585e+01 1.353254876786433580e-01 1.109551544894871317e-01
5.858975662911890225e+01 1.343476196534521272e-01 1.099653692609399436e-01
5.962627436172764561e+01 1.333768680472037782e-01 1.089843724405756969e-01
6.068112924184858770e+01 1.324131428803106969e-01 1.080120829594720944e-01
6.175464567394517701e+01 1.314563620625588125e-01 1.070484277708129150e-01
6.284715380155533637e+01 1.305064462284444837e-01 1.060933363924217027e-01
6.395898960882212236e+01 1.295633090510172059e-01 1.051467306771026733e-01
6.509049502382045205e+01 1.286268720611650762e-01 1.042085404643169205e-01
6.624201802371186432e+01 1.276970564273953446e-01 1.032786948813994993e-01
6.741391274175957449e+01 1.267737796292022767e-01 1.023571188194567216e-01
6.860653957623671317e+01 1.258569667060018271e-01 1.014437448355391680e-01
6.982026530126132968e+01 1.249465391170261064e-01 1.005385013425632301e-01
7.105546317959210967e+01 1.240424216680609537e-01 9.964131995239056128e-02
7.231251307741965206e+01 1.231445432146572594e-01 9.875213621204569081e-02
7.359180158118850557e+01 1.222528240877219646e-01 9.787087624308944689e-02
7.489372211648588973e+01 1.213671820659712186e-01 9.699746307736135942e-02
7.621867506903377887e+01 1.204875543462397280e-01 9.613184000402945351e-02
7.756706790782105543e+01 1.196138683932518598e-01 9.527393956668471497e-02
7.893931531041512528e+01 1.187460468351088788e-01 9.442368875625965774e-02
8.033583929048859318e+01 1.178840250201181328e-01 9.358102770289987438e-02
8.175706932760429879e+01 1.170277343002703030e-01 9.274589185156489890e-02
8.320344249929387104e+01 1.161771011405674653e-01 9.191821100009310574e-02
8.467540361547561645e+01 1.153320621438263527e-01 9.109792533063472419e-02
8.617340535524760980e+01 1.144925510694830562e-01 9.028497153075266957e-02
8.769790840610357918e+01 1.136584985139136306e-01 8.947928244138156351e-02
8.924938160560891731e+01 1.128298434404666067e-01 8.868079938698683606e-02
9.082830208558590357e+01 1.120065211185932164e-01 8.788945924846913726e-02
9.243515541884686115e+01 1.111884668514243196e-01 8.710519844663207334e-02
9.407043576852606748e+01 1.103756215524110129e-01 8.632795890870603728e-02
9.573464604005062029e+01 1.095679222211412701e-01 8.555767783987401620e-02
9.742829803580275438e+01 1.087653123632447427e-01 8.479429890082794408e-02
9.915191261251536048e+01 1.079677342728579958e-01 8.403776390110986871e-02
1.009060198414549774e+02 1.071751237056803446e-01 8.328800705869401910e-02
1.026911591714355723e+02 1.063874203021827197e-01 8.254496619973872296e-02
1.045078795947193413e+02 1.056045760967789238e-01 8.180859190006371795e-02
1.063567398158492381e+02 1.048265331579120024e-01 8.107882340666347498e-02
1.082383084234716648e+02 1.040532333382341856e-01 8.035559911974606007e-02
1.101531640651955257e+02 1.032846294440475238e-01 7.963886861771786452e-02
1.121018956255481243e+02 1.025206676524822169e-01 7.892857368348954461e-02
1.140851024070758513e+02 1.017612934331751373e-01 7.822465467759771862e-02
1.161033943146523200e+02 1.010064612776145621e-01 7.752706103450497654e-02
1.181573920430433731e+02 1.002561205508682163e-01 7.683573595732215433e-02
1.202477272677941897e+02 9.951022139210249917e-02 7.615062278349003788e-02
1.223750428394894527e+02 9.876872012929328870e-02 7.547167082919420400e-02
1.245399929814542332e+02 9.803156881414276658e-02 7.479882404479101798e-02
1.267432434909482737e+02 9.729872301508524224e-02 7.413202944292607288e-02
1.289854719439238124e+02 9.657014032992465580e-02 7.347123547006700894e-02
1.312673679034016629e+02 9.584577673416679044e-02 7.281638803336895616e-02
1.335896331315377665e+02 9.512559497831529765e-02 7.216743960013448367e-02
1.359529818054373322e+02 9.440955389212175863e-02 7.152433757017051530e-02
1.383581407367912561e+02 9.369760757375443505e-02 7.088702337944183252e-02
1.408058495953936244e+02 9.298972045228381944e-02 7.025544885089965441e-02
1.432968611366181904e+02 9.228585954679592585e-02 6.962956776850384721e-02
1.458319414329143626e+02 9.158598545359371290e-02 6.900932606816531645e-02
1.484118701094035089e+02 9.089006319723923200e-02 6.839467362672774220e-02
1.510374405836382437e+02 9.019806323161780326e-02 6.778556533833052233e-02
1.537094603096082892e+02 8.950995048767559914e-02 6.718194918200294519e-02
1.564287510260581371e+02 8.882569334618797829e-02 6.658377598381265416e-02
1.591961490092027418e+02 8.814526495232009873e-02 6.599100083932406269e-02
1.620125053299088620e+02 8.746863418002003010e-02 6.540357325724657778e-02
1.648786861154314920e+02 8.679577411584338265e-02 6.482144640198769792e-02
1.677955728157754436e+02 8.612666001465878185e-02 6.424457485675491575e-02
1.707640624747743630e+02 8.546126472725479317e-02 6.367290963061261744e-02
1.737850680059601984e+02 8.479956604601289472e-02 6.310640617283634624e-02
1.768595184733185022e+02 8.414154125909785453e-02 6.254501842409537771e-02
1.799883593770050538e+02 8.348716882556088403e-02 6.198870064649105588e-02
1.831725529441227422e+02 8.283643194417814049e-02 6.143741132356868306e-02
1.864130784246369217e+02 8.218930930311273142e-02 6.089110305511040433e-02
1.897109323925317597e+02 8.154577737517280933e-02 6.034972506891277816e-02
1.930671290522880952e+02 8.090582488164839436e-02 5.981323902965757222e-02
1.964827005507897582e+02 8.026943716549764241e-02 5.928160197088233607e-02
1.999586972947413983e+02 7.963659614064662329e-02 5.875476624807721843e-02
2.034961882737079577e+02 7.900729113463977882e-02 5.823269141186909748e-02
2.070962613888630983e+02 7.838151147037859812e-02 5.771533610657628849e-02
2.107600237875595894e+02 7.775924319507156179e-02 5.720265450842691723e-02
2.144886022038122917e+02 7.714047827783629407e-02 5.669460640894681547e-02
2.182831433048114036e+02 7.652520896106125570e-02 5.619115105587447340e-02
2.221448140435587959e+02 7.591342520247178205e-02 5.569224437806477579e-02
2.260748020177501019e+02 7.530512225885632738e-02 5.519784730858914162e-02
2.300743158349987141e+02 7.470029450316661990e-02 5.470791904794247013e-02
2.341445854845280792e+02 7.409893577258373776e-02 5.422241747693911512e-02
2.382868627154323633e+02 7.350104418694718145e-02 5.374130446779104564e-02
2.425024214216365124e+02 7.290661590176901463e-02 5.326453907775644675e-02
2.467925580336589917e+02 7.231565050151755880e-02 5.279208349751168122e-02
2.511585919173129753e+02 7.172814837483861006e-02 5.232390021666263880e-02
2.556018657794532203e+02 7.114410596853373847e-02 5.185994686720684504e-02
2.601237460809089725e+02 7.056352035538122902e-02 5.140018127097433637e-02
2.647256234567138904e+02 6.998639805316234086e-02 5.094457114278429927e-02
2.694089131437789888e+02 6.941273966387970229e-02 5.049307731535684907e-02
2.741750554161224045e+02 6.884254456656505039e-02 5.004565893110646951e-02
2.790255160278084645e+02 6.827581913309078987e-02 4.960228251453616816e-02
2.839617866637129282e+02 6.771256629288072149e-02 4.916291057178551888e-02
2.889853853982729106e+02 6.715278740172370142e-02 4.872750369870643139e-02
2.940978571623422226e+02 6.659648932526068821e-02 4.829602841410116087e-02
2.993007742183163487e+02 6.604367612262500298e-02 4.786844808829748138e-02
3.045957366436527991e+02 6.549435102175432677e-02 4.744472516983522237e-02
3.099843728229550948e+02 6.494852118652634509e-02 4.702482647731724696e-02
3.154683399487527709e+02 6.440619086080826006e-02 4.660871572829500264e-02
3.210493245311504324e+02 6.386736509090311376e-02 4.619635769424768751e-02
3.267290429164831380e+02 6.333205042248368777e-02 4.578771902761401280e-02
3.325092418151576226e+02 6.280025123770303919e-02 4.538276428696234877e-02
3.383916988388208438e+02 6.227197526905890040e-02 4.498146207636431054e-02
3.443782230470428090e+02 6.174722778377031429e-02 4.458377869018194384e-02
3.504706555036596569e+02 6.122601006661383682e-02 4.418967649708165774e-02
3.566708698429701485e+02 6.070832723278844767e-02 4.379912260076970765e-02
3.629807728459374516e+02 6.019418718659538814e-02 4.341208774214432714e-02
3.694023050265963661e+02 5.968359237036481579e-02 4.302853725464251405e-02
3.759374412288227632e+02 5.917654559641518514e-02 4.264843755880348003e-02
3.825881912336724326e+02 5.867305335336190503e-02 4.227175987706142252e-02
3.893566003774525939e+02 5.817311736559908214e-02 4.189847093121262800e-02
3.962447501807397430e+02 5.767673920726094916e-02 4.152853809171713761e-02
4.032547589885133448e+02 5.718392327648183504e-02 4.116193270417155964e-02
4.103887826216264898e+02 5.669466986124391261e-02 4.079862246756145450e-02
4.176490150397893899e+02 5.620897973307132506e-02 4.043857653985174355e-02
4.250376890162945642e+02 5.572685458963509003e-02 4.008176605738138221e-02
4.325570768246652733e+02 5.524829290865102688e-02 3.972815958769317785e-02
4.402094909374653753e+02 5.477329446443153504e-02 3.937772814247807868e-02
4.479972847374579032e+02 5.430185790198716056e-02 3.903044252447029211e-02
4.559228532413588937e+02 5.383398045671166504e-02 3.868627303491912334e-02
4.639886338363809841e+02 5.336966136361474822e-02 3.834519324164584186e-02
4.721971070298217796e+02 5.290889581524450130e-02 3.800717335694706045e-02
4.805507972118983844e+02 5.245167559056035378e-02 3.767218094265193523e-02
4.890522734320927043e+02 5.199799802127389597e-02 3.734019071212710261e-02
4.977041501892155111e+02 5.154785824796551813e-02 3.701117607970471485e-02
5.065090882354630821e+02 5.110124720618758332e-02 3.668510697007679872e-02
5.154697953946832740e+02 5.065815818563138007e-02 3.636195694530508504e-02
5.245890273951329164e+02 5.021858426670254560e-02 3.604170042954010084e-02
5.338695887169520802e+02 4.978251455879779963e-02 3.572430863800197393e-02
5.433143334546467713e+02 4.934993978197405734e-02 3.540975555655425516e-02
5.529261661948143001e+02 4.892085047004611498e-02 3.509801602035168139e-02
5.627080429094120291e+02 4.849523383665808873e-02 3.478906236575089045e-02
5.726629718648144944e+02 4.807307876569488769e-02 3.448286967150452492e-02
5.827940145469624440e+02 4.765437297626911456e-02 3.417941277660423161e-02
5.931042866028797107e+02 4.723910198622395529e-02 3.387866517713489928e-02
6.035969587988344074e+02 4.682725294775047509e-02 3.358060298188762088e-02
6.142752579954689054e+02 4.641881080062199710e-02 3.328520093173551603e-02
6.251424681401623502e+02 4.601376080364080051e-02 3.299243494622484257e-02
6.362019312769672297e+02 4.561208865595196144e-02 3.270228223328303097e-02
6.474570485743947756e+02 4.521377616264382615e-02 3.241471690108087972e-02
6.589112813714018557e+02 4.481880339248200257e-02 3.212971210271668016e-02
6.705681522418626628e+02 4.442715651678959959e-02 3.184724782136198751e-02
6.824312460778928653e+02 4.403881733866702591e-02 3.156730044458811585e-02
6.945042111923173707e+02 4.365376510959938922e-02 3.128984455874008613e-02
7.067907604406642577e+02 4.327198300674105907e-02 3.101485921127114173e-02
7.192946723629851249e+02 4.289345194067325368e-02 3.074232191131096720e-02
7.320197923458991909e+02 4.251815025038158807e-02 3.047220832261801279e-02
7.449700338051708286e+02 4.214605940147525542e-02 3.020449762385929784e-02
7.581493793892326494e+02 4.177715907280696306e-02 2.993916787811874008e-02
7.715618822039763245e+02 4.141142703244969636e-02 2.967619589432313187e-02
7.852116670592351966e+02 4.104884365940750929e-02 2.941556135485353871e-02
7.991029317372936021e+02 4.068938725019320690e-02 2.915724251719402707e-02
8.132399482838640097e+02 4.033303546735074463e-02 2.890121749840962595e-02
8.276270643218755367e+02 3.997976763714517628e-02 2.864746631581061367e-02
8.422687043885325693e+02 3.962956090961422539e-02 2.839596744990372998e-02
8.571693712959994400e+02 3.928239451636129226e-02 2.814670155297507859e-02
8.723336475161855788e+02 3.893824668425540508e-02 2.789964875081376444e-02
8.877661965900002770e+02 3.859709238065941322e-02 2.765478667570016660e-02
9.034717645615675110e+02 3.825890746532766007e-02 2.741209402259862579e-02
9.194551814377847450e+02 3.792367272492320335e-02 2.717155400223680850e-02
9.357213626737323011e+02 3.759136420713204974e-02 2.693314605323877259e-02
9.522753106843313162e+02 3.726195720359383456e-02 2.669684922477186251e-02
9.691221163827748342e+02 3.693543135805841399e-02 2.646264642988166785e-02
9.862669607461454007e+02 3.661176305541775922e-02 2.623051809488951072e-02
1.003715116408759968e+03 3.629092770190683881e-02 2.600044404009985155e-02
1.021471949283672529e+03 3.597290431306292974e-02 2.577240721948856686e-02
1.039542920212894614e+03 3.565766929282280367e-02 2.554638864334512344e-02
1.057933586646777030e+03 3.534519869432844325e-02 2.532236919609735445e-02
1.076649604353135373e+03 3.503547110894151412e-02 2.510033194014667929e-02
1.095696729156577703e+03 3.472846277411219262e-02 2.488025820499374652e-02
1.115080818708637935e+03 3.442415086413952441e-02 2.466213018203867319e-02
1.134807834289188804e+03 3.412251332667459724e-02 2.444593079132854549e-02
1.154883842639760132e+03 3.382352675204883252e-02 2.423164199874578567e-02
1.175315017829254430e+03 3.352717046377124560e-02 2.401924798599681596e-02
1.196107643152705577e+03 3.323342178475056224e-02 2.380873148047434398e-02
1.217268113063590590e+03 3.294225528931245955e-02 2.360007317582207137e-02
1.238802935140366344e+03 3.265364926623835762e-02 2.339325669614338021e-02
1.260718732087754688e+03 3.236758384636288094e-02 2.318826715652892723e-02
1.283022243773474656e+03 3.208403544289205322e-02 2.298508689531272853e-02
1.305720329300964977e+03 3.180298138998553098e-02 2.278369900623495453e-02
1.328819969118817198e+03 3.152440212561854332e-02 2.258408898868942763e-02
1.352328267167483773e+03 3.124827485317812140e-02 2.238623995154987584e-02
1.376252453064009387e+03 3.097457728233038443e-02 2.219013542736900796e-02
1.400599884325365110e+03 3.070328982555759617e-02 2.199576101602686989e-02
1.425378048631164120e+03 3.043439024072145185e-02 2.180310037328223385e-02
1.450594566126358586e+03 3.016785730312260619e-02 2.161213794331658458e-02
1.476257191764722620e+03 2.990367116783936366e-02 2.142285922608571508e-02
1.502373817693746105e+03 2.964181009562336794e-02 2.123524834802353531e-02
1.528952475681767510e+03 2.938225404731787185e-02 2.104929071363030590e-02
1.556001339587995972e+03 2.912498284579853602e-02 2.086497165024997838e-02
1.583528727876283256e+03 2.886997584905294165e-02 2.068227616302890232e-02
1.611543106173312935e+03 2.861721481490001051e-02 2.050119103368453280e-02
1.640053089872100372e+03 2.836667908437341679e-02 2.032170129186396459e-02
1.669067446781499484e+03 2.811834593641743610e-02 2.014379047488365840e-02
1.698595099822633756e+03 2.787219763957784341e-02 1.996744577799066181e-02
1.728645129772977498e+03 2.762821592905684298e-02 1.979265402084916595e-02
1.759226778059037088e+03 2.738637980914148881e-02 1.961940004438098364e-02
1.790349449598382080e+03 2.714667054682292843e-02 1.944767034285378379e-02
1.822022715692012525e+03 2.690907056370724429e-02 1.927745225876879159e-02
1.854256316967836483e+03 2.667355975180768848e-02 1.910873130717319693e-02
1.887060166376281359e+03 2.644011959992267902e-02 1.894149416604984024e-02
1.920444352238838746e+03 2.620873276527820039e-02 1.877572836611273929e-02
1.954419141350604150e+03 2.597937985064989116e-02 1.861141995777519653e-02
1.988994982137642410e+03 2.575204315256385615e-02 1.844855621906726570e-02
2.024182507870271365e+03 2.552670525273400409e-02 1.828712463858479104e-02
2.059992539933130502e+03 2.530334745206256133e-02 1.812711178475244489e-02
2.096436091153163034e+03 2.508195288443815230e-02 1.796850555017149784e-02
2.133524369186410695e+03 2.486250397571862156e-02 1.781129332060887860e-02
2.171268779964789701e+03 2.464498342815666168e-02 1.765546268292667725e-02
2.209680931203775799e+03 2.442937553340812987e-02 1.750100236982055774e-02
2.248772635972215539e+03 2.421566226032027119e-02 1.734789944510682635e-02
2.288555916325217368e+03 2.400382427074577302e-02 1.719614003442448275e-02
2.329043007001387195e+03 2.379384721997284194e-02 1.704571385517546570e-02
2.370246359185399797e+03 2.358571493627674431e-02 1.689660931293418197e-02
2.412178644337205697e+03 2.337940938201472224e-02 1.674881347383549296e-02
2.454852758088906285e+03 2.317491531339789523e-02 1.660231541121013829e-02
2.498281824210648665e+03 2.297221730375941309e-02 1.645710406809652512e-02
2.542479198646597524e+03 2.277129809354903542e-02 1.631316707255963880e-02
2.587458473622395559e+03 2.257214251809287753e-02 1.617049355656334508e-02
2.633233481825199306e+03 2.237473545918331960e-02 1.602907268609850278e-02
2.679818300657755117e+03 2.217906036563537658e-02 1.588889259961813460e-02
2.727227256567643963e+03 2.198510257731179154e-02 1.574994279222809851e-02
2.775474929453206187e+03 2.179284700195398619e-02 1.561221244955331676e-02
2.824576157147319918e+03 2.160227782729936749e-02 1.547569024121362401e-02
2.874546039980595651e+03 2.141338088481800281e-02 1.534036601556168326e-02
2.925399945425206170e+03 2.122614102045539478e-02 1.520622891467679136e-02
2.977153512820962078e+03 2.104054398235994869e-02 1.507326872746803624e-02
3.029822658184905777e+03 2.085657613199136048e-02 1.494147568261328107e-02
3.083423579106085981e+03 2.067422187726312283e-02 1.481083860874184664e-02
3.137972759726828826e+03 2.049346507697366593e-02 1.468134594102899794e-02
3.193486975812234505e+03 2.031429392547596038e-02 1.455298922202668405e-02
3.249983299909255038e+03 2.013669424509746675e-02 1.442575829441791399e-02
3.307479106597146256e+03 1.996065071600105698e-02 1.429964218247182887e-02
3.365992077830701874e+03 1.978615084198822455e-02 1.417463193383892636e-02
3.425540208378120496e+03 1.961318115350294683e-02 1.405071789876424608e-02
3.486141811354967558e+03 1.944172695969522205e-02 1.392788955243572969e-02
3.547815523856147593e+03 1.927177575807876089e-02 1.380613793805027245e-02
3.610580312687402511e+03 1.910331440930714345e-02 1.368545364253398802e-02
3.674455480198317673e+03 1.893632888217339563e-02 1.356582661383365189e-02
3.739460670218407813e+03 1.877080694803993227e-02 1.344724809138431003e-02
3.805615874098333279e+03 1.860673555600476231e-02 1.332970872552600994e-02
3.872941436857874578e+03 1.844410141178045096e-02 1.321319899223629898e-02
3.941458063442792991e+03 1.828289250651265324e-02 1.309771028843299823e-02
4.011186825092257095e+03 1.812309584007544550e-02 1.298323330086770949e-02
4.082149165819041627e+03 1.796469963385690163e-02 1.286975959141266855e-02
4.154366909004243098e+03 1.780769201765063092e-02 1.275728065632691401e-02
4.227862264108790441e+03 1.765205951051530830e-02 1.264578683791937712e-02
4.302657833503559232e+03 1.749778880089757419e-02 1.253526859985317800e-02
4.378776619420449606e+03 1.734486992049421791e-02 1.242571880094014460e-02
4.456242031026304176e+03 1.719329052491348070e-02 1.231712859774195847e-02
4.535077891622110656e+03 1.704303768561436089e-02 1.220948872833700627e-02
4.615308445969415516e+03 1.689410101219689792e-02 1.210279174914312417e-02
4.696958367746508884e+03 1.674646878693125673e-02 1.199702926568383191e-02
4.780052767136356124e+03 1.660012856427748110e-02 1.189219236208164179e-02
4.864617198548931810e+03 1.645506991850618009e-02 1.178827356940943469e-02
4.950677668480004286e+03 1.631128145923397763e-02 1.168526472765337235e-02
5.038260643509116562e+03 1.616875133414965443e-02 1.158315734587195105e-02
5.127393058438899970e+03 1.602746923952649838e-02 1.148194404258468318e-02
5.218102324578534535e+03 1.588742391128927442e-02 1.138161674832886480e-02
5.310416338173614349e+03 1.574860420451889426e-02 1.128216747899811814e-02
5.404363488985231925e+03 1.561099984814276823e-02 1.118358887646432945e-02
5.499972669020854482e+03 1.547459974622203589e-02 1.108587299168023628e-02
5.597273281419539671e+03 1.533939407564315939e-02 1.098901278745910079e-02
5.696295249494509335e+03 1.520537253191238738e-02 1.089300088175109392e-02
5.797069025935512400e+03 1.507252346139067480e-02 1.079782892597534565e-02
5.899625602174183769e+03 1.494083596657210140e-02 1.070348911324316490e-02
6.003996517914880314e+03 1.481030144329657967e-02 1.060997527961752770e-02
6.110213870834338195e+03 1.468090921806602771e-02 1.051727977869540073e-02
6.218310326452719892e+03 1.455264842580150132e-02 1.042539482682712688e-02
6.328319128179493418e+03 1.442551030581313252e-02 1.033431414792707753e-02
6.440274107536835800e+03 1.429948470949892782e-02 1.024403047162192673e-02
6.554209694564101483e+03 1.417456112608100026e-02 1.015453626807857196e-02
6.670160928406145104e+03 1.405073076674465300e-02 1.006582524106436685e-02
6.788163468089186608e+03 1.392798378968033990e-02 9.977890339989839777e-03
6.908253603487086366e+03 1.380631020318297264e-02 9.890724406881590963e-03
7.030468266481851060e+03 1.368570125167444668e-02 9.804321169317160509e-03
7.154845042321355322e+03 1.356614723951053703e-02 9.718673681418646057e-03
7.281422181178226310e+03 1.344763882534517722e-02 9.633775251124366765e-03
7.410238609912978973e+03 1.333016717834138547e-02 9.549619552097038735e-03
7.541333944045496537e+03 1.321372285954946005e-02 9.466199822352559107e-03
7.674748499938053101e+03 1.309829761176857336e-02 9.383510146501763266e-03
7.810523307194122026e+03 1.298388251807405629e-02 9.301544136534882490e-03
7.948700121276270693e+03 1.287046751902376669e-02 9.220294585952243729e-03
8.089321436347544477e+03 1.275804370618625026e-02 9.139755112828544525e-03
8.232430498339766928e+03 1.264660356729577738e-02 9.059920335439853797e-03
8.378071318253290883e+03 1.253613792312492821e-02 8.980783677864928247e-03
8.526288685691777573e+03 1.242663765441966855e-02 8.902338607146937852e-03
8.677128182636693964e+03 1.231809530211154698e-02 8.824579779672032595e-03
8.830636197465202713e+03 1.221050211410087093e-02 8.747500925509677644e-03
8.986859939216345083e+03 1.210384922117037701e-02 8.671095690827279254e-03
9.145847452109321239e+03 1.199812915684709061e-02 8.595358726706458022e-03
9.307647630318882875e+03 1.189333344642665505e-02 8.520283961940348580e-03
9.472310233011858145e+03 1.178945366575529126e-02 8.445865361536101720e-03
9.639885899649956627e+03 1.168648233575554814e-02 8.372097567545588870e-03
9.810426165563019822e+03 1.158441114011921763e-02 8.298974622235617826e-03
9.983983477798066815e+03 1.148323221244328465e-02 8.226490890181289289e-03
1.016061121124844249e+04 1.138293796830420514e-02 8.154640937965420069e-03
1.034036368506853978e+04 1.128352038308220139e-02 8.083419016817959893e-03
1.052329617937881085e+04 1.118497247335689670e-02 8.012820123875330491e-03
1.070946495226633670e+04 1.108728655154921257e-02 7.942838751820599508e-03
1.089892725708598664e+04 1.099045396833856977e-02 7.873468704353311573e-03
1.109174136006806293e+04 1.089446736289211709e-02 7.804704708234777230e-03
1.128796655823701622e+04 1.079932020830424479e-02 7.736542087644764608e-03
1.148766319764743275e+04 1.070500462782969335e-02 7.668975199749272428e-03
1.169089269194234294e+04 1.061151295041471744e-02 7.601998549069975686e-03
1.189771754124033396e+04 1.051883879611827284e-02 7.535607565070814515e-03
1.210820135135631426e+04 1.042697464653686255e-02 7.469796861630816943e-03
1.232240885336260544e+04 1.033591300399126604e-02 7.404561067475706922e-03
1.254040592349579492e+04 1.024564750029040121e-02 7.339895620486997646e-03
1.276225960341625796e+04 1.015617086222087191e-02 7.275795310195840200e-03
1.298803812082559489e+04 1.006747596851206503e-02 7.212255034983913217e-03
1.321781091044912682e+04 9.979556420112205978e-03 7.149270210624397368e-03
1.345164863538925601e+04 9.892405102431570119e-03 7.086835740285099376e-03
1.368962320885715053e+04 9.806015357430118012e-03 7.024946854202185342e-03
1.393180781628833392e+04 9.720380686419949345e-03 6.963598896770352951e-03
1.417827693784985786e+04 9.635494261595867888e-03 6.902786976607434843e-03
1.442910637134530771e+04 9.551350152469863242e-03 6.842506845161740008e-03
1.468437325552559014e+04 9.467941758706754224e-03 6.782753774008712898e-03
1.494415609381156355e+04 9.385261668513632249e-03 6.723522453402301820e-03
1.520853477843666769e+04 9.303303714870373581e-03 6.664808465341207772e-03
1.547759061501631368e+04 9.222062275822725391e-03 6.606607782304729261e-03
1.575140634755255087e+04 9.141530607347916892e-03 6.548915572931723536e-03
1.603006618388047355e+04 9.061702218222162167e-03 6.491727186964116152e-03
1.631365582156517848e+04 8.982571654110637141e-03 6.435038716962353765e-03
1.660226247425646579e+04 8.904132479196866581e-03 6.378845552361690416e-03
1.689597489851046703e+04 8.826378326493264023e-03 6.323143131905815950e-03
1.719488342108509823e+04 8.749303762528486475e-03 6.267927563101601332e-03
1.749907996671881119e+04 8.672902565632991528e-03 6.213194388797361502e-03
1.780865808640034811e+04 8.597168685000678226e-03 6.158939274246538233e-03
1.812371298613933686e+04 8.522096654490760037e-03 6.105158303551892242e-03
1.844434155624517734e+04 8.447680397955133202e-03 6.051847123812061253e-03
1.877064240112430343e+04 8.373914251358869146e-03 5.999001677360117114e-03
1.910271586960415152e+04 8.300792663183637760e-03 5.946617987135050312e-03
1.944066408579437484e+04 8.228309812762025707e-03 5.894691883259730626e-03
1.978459098049323075e+04 8.156460650809748900e-03 5.843219748469396894e-03
2.013460232315007670e+04 8.085239537000325424e-03 5.792197542081642392e-03
2.049080575439281165e+04 8.014640136774079868e-03 5.741620726071239821e-03
2.085331081913159505e+04 7.944657204788322519e-03 5.691485542718842557e-03
2.122222900024736737e+04 7.875285945870903401e-03 5.641788556803484407e-03
2.159767375287689356e+04 7.806520603041749301e-03 5.592525644073110050e-03
2.197976053930378839e+04 7.738355633936410023e-03 5.543692834024479058e-03
2.236860686446770342e+04 7.670786394408449227e-03 5.495286799630181782e-03
2.276433231210081067e+04 7.603807394884951748e-03 5.447303608206388592e-03
2.316705858150415588e+04 7.537413193082456025e-03 5.399739360947048046e-03
2.357690952497400212e+04 7.471599161820895001e-03 5.352590742979306503e-03
2.399401118589130419e+04 7.406359997692050882e-03 5.305853954986164064e-03
2.441849183748402720e+04 7.341690523994277330e-03 5.259525288422141343e-03
2.485048202227580623e+04 7.277586088161575213e-03 5.213601410228117967e-03
2.529011459223190832e+04 7.214041508616854392e-03 5.168078608365886742e-03
2.573752474961641201e+04 7.151051940381080579e-03 5.122953411933252668e-03
2.619285008857120192e+04 7.088612658720931312e-03 5.078222436171038814e-03
2.665623063743113744e+04 7.026718689386246379e-03 5.033882117568301388e-03
2.712780890178720438e+04 6.965365723944069026e-03 4.989929369599941517e-03
2.760772990831255447e+04 6.904548968966663786e-03 4.946360758294678257e-03
2.809614124936282315e+04 6.844263026944650240e-03 4.903172416922229292e-03
2.859319312836612517e+04 6.784503358025499760e-03 4.860361093170463206e-03
2.909903840601533375e+04 6.725265919832273086e-03 4.817923891114564948e-03
2.961383264727875576e+04 6.666545815732631032e-03 4.775857302848346767e-03
3.013773416924129924e+04 6.608338265333131394e-03 4.734157903738192910e-03
3.067090408979268614e+04 6.550639332652850172e-03 4.692822874080500826e-03
3.121350637717631616e+04 6.493444355539711513e-03 4.651848873948767615e-03
3.176570790041592409e+04 6.436748649799851896e-03 4.611232547625943555e-03
3.232767848063309430e+04 6.380548281124611212e-03 4.570971076606425258e-03
3.289959094327341154e+04 6.324838748762812331e-03 4.531061236589953647e-03
3.348162117125573423e+04 6.269615592675416640e-03 4.491499832442109527e-03
3.407394815906309668e+04 6.214874865409016590e-03 4.452284036240500113e-03
3.467675406778921024e+04 6.160612159531829793e-03 4.413410690538096745e-03
3.529022428115955699e+04 6.106823303345877869e-03 4.374876806765589862e-03
3.591454746254276688e+04 6.053504293793663359e-03 4.336679517166284158e-03
3.654991561297198496e+04 6.000650871854163251e-03 4.298815770613370092e-03
3.719652413019132655e+04 5.948259347363584956e-03 4.261282923504573078e-03
3.785457186874768377e+04 5.896325674248812168e-03 4.224078077267171862e-03
3.852426120114483638e+04 5.844845277507458407e-03 4.187197954407969464e-03
3.920579808008093823e+04 5.793814142800558266e-03 4.150639679088323139e-03
3.989939210178545181e+04 5.743228912264658308e-03 4.114400845763122559e-03
4.060525657047762797e+04 5.693085437954723341e-03 4.078478482879462942e-03
4.132360856396427698e+04 5.643379562644297055e-03 4.042869612235306005e-03
4.205466900039969914e+04 5.594107952092453560e-03 4.007571845208520063e-03
4.279866270622504089e+04 5.545266671923597575e-03 3.972582363245551369e-03
4.355581848531054129e+04 5.496851671019266708e-03 3.937898264159231387e-03
4.432636918931997934e+04 5.448859595431379023e-03 3.903517145209390530e-03
4.511055178932168201e+04 5.401286649372249483e-03 3.869436287125684742e-03
4.590860744866462483e+04 5.354128971792090040e-03 3.835652923884549318e-03
4.672078159714493086e+04 5.307383211331923034e-03 3.802164654600623077e-03
4.754732400648325711e+04 5.261045639463185312e-03 3.768968808187429451e-03
4.838848886713940010e+04 5.215112633958849872e-03 3.736062789712022401e-03
4.924453486648414400e+04 5.169580821067528212e-03 3.703444182247304234e-03
5.011572526835397002e+04 5.124446554729333164e-03 3.671110373786665246e-03
5.100232799401500961e+04 5.079706649056141103e-03 3.639059081986673137e-03
5.190461570455734909e+04 5.035357718408934626e-03 3.607287881404036816e-03
5.282286588474817836e+04 4.991395917047317457e-03 3.575794016982709704e-03
5.375736092836711759e+04 4.947817619163482825e-03 3.544574891224501739e-03
5.470838822505339340e+04 4.904620069636267399e-03 3.513628530383804995e-03
5.567624024868724518e+04 4.861799775991167138e-03 3.482952432481281353e-03
5.666121464733626635e+04 4.819353113572248139e-03 3.452544000843937432e-03
5.766361433479156403e+04 4.777277229444663702e-03 3.422401191653261232e-03
5.868374758372563520e+04 4.735568836221590999e-03 3.392521649853008549e-03
5.972192812049599888e+04 4.694224431286892797e-03 3.362902866198464596e-03
6.077847522162739187e+04 4.653241122511547583e-03 3.333542768792742243e-03
6.185371381199942698e+04 4.612615737955385632e-03 3.304439085284605927e-03
6.294797456477367814e+04 4.572344935481880215e-03 3.275589421395583983e-03
6.406159400308621844e+04 4.532425845307997726e-03 3.246991721237267679e-03
6.519491460354065930e+04 4.492855340677281116e-03 3.218643744827653311e-03
6.634828490153048187e+04 4.453630259267289150e-03 3.190543226705564589e-03
6.752205959842742595e+04 4.414747758371712766e-03 3.162688130380131041e-03
6.871659967066330137e+04 4.376204734451708510e-03 3.135076232502251922e-03
6.993227248074341333e+04 4.337998396184204394e-03 3.107705533391576236e-03
7.116945189022208797e+04 4.300125942313844270e-03 3.080574026252346637e-03
7.242851837467975565e+04 4.262584161254078484e-03 3.053679410330996727e-03
7.370985914073130698e+04 4.225369779885176924e-03 3.027019340792102154e-03
7.501386824510610313e+04 4.188480486216121686e-03 3.000592161344763347e-03
7.634094671583284799e+04 4.151913387025221031e-03 2.974395799309313953e-03
7.769150267557152256e+04 4.115665342941760181e-03 2.948428005667001056e-03
7.906595146712397400e+04 4.079733847756286495e-03 2.922686984990471859e-03
8.046471578116688761e+04 4.044116196134607197e-03 2.897170799201083044e-03
8.188822578624251764e+04 4.008809384338671462e-03 2.871877296446181081e-03
8.333691926105240418e+04 3.973810858679712767e-03 2.846804647284631364e-03
8.481124172908818582e+04 3.939118003069798889e-03 2.821950977573061282e-03
8.631164659564623435e+04 3.904727945806100303e-03 2.797314230047738201e-03
8.783859528726407734e+04 3.870638180972355621e-03 2.772892609491346173e-03
8.939255739362716849e+04 3.836846114198814127e-03 2.748684257319237035e-03
9.097401081198261818e+04 3.803349000856796110e-03 2.724687207302527951e-03
9.258344189410988474e+04 3.770144409001932595e-03 2.700899717216747025e-03
9.422134559588931734e+04 3.737229738060577396e-03 2.677319924032822967e-03
9.588822562952052976e+04 3.704602488649812002e-03 2.653946037213876855e-03
9.758459461842982273e+04 3.672260373985591301e-03 2.630776418527066771e-03
9.931097425492051116e+04 3.640200728019714511e-03 2.607809158037904373e-03
1.010678954606097250e+05 3.608420654542004568e-03 2.585042180925798717e-03
1.028558985497076792e+05 3.576918088495331834e-03 2.562474007801210114e-03
1.046755333951814391e+05 3.545690699967439258e-03 2.540102969534606056e-03
1.065273595978606900e+05 3.514735820254968283e-03 2.517927154289369140e-03
1.084119466585327755e+05 3.484051151091712220e-03 2.495944915606934395e-03
1.103298741530864500e+05 3.453634514116906730e-03 2.474154692927988102e-03
1.122817319107498915e+05 3.423483379513596499e-03 2.452554673912959310e-03
1.142681201954844873e+05 3.393595413330719596e-03 2.431143186538955482e-03
1.162896498905850749e+05 3.363968494755900478e-03 2.409918711473843424e-03
1.183469426865503629e+05 3.334600195519614885e-03 2.388879509125777564e-03
1.204406312722726434e+05 3.305488262173041179e-03 2.368023965142991918e-03
1.225713595296124113e+05 3.276630570644254500e-03 2.347350557858240289e-03
1.247397827314124152e+05 3.248024773235280022e-03 2.326857605400455345e-03
1.269465677430197829e+05 3.219668732293009834e-03 2.306543576372947074e-03
1.291923932273682440e+05 3.191560301373542411e-03 2.286406933081372959e-03
1.314779498536915344e+05 3.163697253631776209e-03 2.266446080232647434e-03
1.338039405099260912e+05 3.136077678896905408e-03 2.246659649396485613e-03
1.361710805188764934e+05 3.108699398176582775e-03 2.227046079561112359e-03
1.385800978582001408e+05 3.081559950873355089e-03 2.207603607975226843e-03
1.410317333842865482e+05 3.054657317692932410e-03 2.188330788033396833e-03
1.435267410600941803e+05 3.027989702867407533e-03 2.169226333262612178e-03
1.460658881870236073e+05 3.001554900092975008e-03 2.150288663085398854e-03
1.486499556408870558e+05 2.975350725467212649e-03 2.131516212972444767e-03
1.512797381120559876e+05 2.949375443531034556e-03 2.112907739655471660e-03
1.539560443498533859e+05 2.923626972000030726e-03 2.094461751403455235e-03
1.566796974112761091e+05 2.898103163890135801e-03 2.076176710135086909e-03
1.594515349141108163e+05 2.872802268358980258e-03 2.058051361561630439e-03
1.622724092945318844e+05 2.847722290249999396e-03 2.040084276369718511e-03
1.651431880692524137e+05 2.822861177001716095e-03 2.022273984121586952e-03
1.680647541023196536e+05 2.798217174989843341e-03 2.004619228535560287e-03
1.710380058766237344e+05 2.773788332101214706e-03 1.987118611134197459e-03
1.740638577702135954e+05 2.749572711073271485e-03 1.969770744078910060e-03
1.771432403374972637e+05 2.725568557791299522e-03 1.952574370736683213e-03
1.802771005954236898e+05 2.701773948901657965e-03 1.935528113233159556e-03
1.834664023147205880e+05 2.678187184318920645e-03 1.918630753641451707e-03
1.867121263162888063e+05 2.654806528959377607e-03 1.901881048962194990e-03
1.900152707728356763e+05 2.631629987804852151e-03 1.885277569981162835e-03
1.933768515158524388e+05 2.608655521355245956e-03 1.868818855617653072e-03
1.967979023480144388e+05 2.585881729436067481e-03 1.852503902798446813e-03
2.002794753611130582e+05 2.563306832917830631e-03 1.836331436970156314e-03
2.038226412596070440e+05 2.540928878594559109e-03 1.820300058872463284e-03
2.074284896899062442e+05 2.518746311399114920e-03 1.804408654468360549e-03
2.110981295754723251e+05 2.496757488771023277e-03 1.788656047041351079e-03
2.148326894578530046e+05 2.474960552270954670e-03 1.773040905221143302e-03
2.186333178437440656e+05 2.453353894835724747e-03 1.757562077721201059e-03
2.225011835582003987e+05 2.431935938026226658e-03 1.742218433761035792e-03
2.264374761040867015e+05 2.410704907074818527e-03 1.727008701912048595e-03
2.304434060278926627e+05 2.389659223182720275e-03 1.711931751136083540e-03
2.345202052920142014e+05 2.368797321379562896e-03 1.696986460301543129e-03
2.386691276536303922e+05 2.348117497372806395e-03 1.682171608467598238e-03
2.428914490502733388e+05 2.327618232768471213e-03 1.667486107869582549e-03
2.471884679922253999e+05 2.307297955473134893e-03 1.652928832273004760e-03
2.515615059618519444e+05 2.287155071476549856e-03 1.638498639742340217e-03
2.560119078200090444e+05 2.267188209162461065e-03 1.624194547663250932e-03
2.605410422196309664e+05 2.247395769740491520e-03 1.610015410675768796e-03
2.651503020266403328e+05 2.227775950468807806e-03 1.595959937310820632e-03
2.698411047482984723e+05 2.208327338916198004e-03 1.582027115714576548e-03
2.746148929691445665e+05 2.189048624155108536e-03 1.568216006749571919e-03
2.794731347946360474e+05 2.169938200563462267e-03 1.554525460161667412e-03
2.844173243026442942e+05 2.150994490817449006e-03 1.540954345969362945e-03
2.894489820029305411e+05 2.132216251902970417e-03 1.527501773687822044e-03
2.945696553047626512e+05 2.113601975177611513e-03 1.514166662538319946e-03
2.997809189927921398e+05 2.095150099707302361e-03 1.500947894280827647e-03
3.050843757113578031e+05 2.076859367919596609e-03 1.487844568001031511e-03
3.104816564573493088e+05 2.058728342097365747e-03 1.474855653730483334e-03
3.159744210818026913e+05 2.040755527514470039e-03 1.461980080659959491e-03
3.215643588003573823e+05 2.022939661162266936e-03 1.449216943980699947e-03
3.272531887127509108e+05 2.005279340694486948e-03 1.436565239063643338e-03
3.330426603314966196e+05 1.987773150094912598e-03 1.424023951486691041e-03
3.389345541199272266e+05 1.970419831172603997e-03 1.411592179892445483e-03
3.449306820397438132e+05 1.953217997233303461e-03 1.399268930864812485e-03
3.510328881082598236e+05 1.936166398886270601e-03 1.387053309350785076e-03
3.572430489654943231e+05 1.919263812696365328e-03 1.374944438891726904e-03
3.635630744513126556e+05 1.902508814412135190e-03 1.362941299165887051e-03
3.699949081927627558e+05 1.885899878256022720e-03 1.351042797119068016e-03
3.765405282018106664e+05 1.869435982653750274e-03 1.339248200904055459e-03
3.832019474836419686e+05 1.853115890338052213e-03 1.327556624152997000e-03
3.899812146557396045e+05 1.836938188680584160e-03 1.315967054870837826e-03
3.968804145778988604e+05 1.820901688100254280e-03 1.304478640851698071e-03
4.039016689933971502e+05 1.805005262194628573e-03 1.293090575150356155e-03
4.110471371814972954e+05 1.789247585384161170e-03 1.281801908132783763e-03
4.183190166215103236e+05 1.773627415436900868e-03 1.270611749874468992e-03
4.257195436685901368e+05 1.758143670962368553e-03 1.259519325676375151e-03
4.332509942414939869e+05 1.742795087176495297e-03 1.248523729457842735e-03
4.409156845224988647e+05 1.727580452778856553e-03 1.237624093453444304e-03
4.487159716697188560e+05 1.712498688011319589e-03 1.226819644133543032e-03
4.566542545420058887e+05 1.697548569314948162e-03 1.216109504950817211e-03
4.647329744366854429e+05 1.682728950176950013e-03 1.205492854553153999e-03
4.729546158403330483e+05 1.668038738327898328e-03 1.194968910447930183e-03
4.813217071928509977e+05 1.653476752554592722e-03 1.184536826423953065e-03
4.898368216650459217e+05 1.639041989475614443e-03 1.174195883667220617e-03
4.985025779499621131e+05 1.624733360371435984e-03 1.163945302228228552e-03
5.073216410682320711e+05 1.610549615249038313e-03 1.153784186622500802e-03
5.162967231876552105e+05 1.596489519867953354e-03 1.143711652650554857e-03
5.254305844572874485e+05 1.582552245489026984e-03 1.133727106610638025e-03
5.347260338562740944e+05 1.568736687918758244e-03 1.123829757467821773e-03
5.441859300577216782e+05 1.555041638066222099e-03 1.114018739039544228e-03
5.538131823078298476e+05 1.541466159070815564e-03 1.104293380166757347e-03
5.636107513205904979e+05 1.528009250822608437e-03 1.094652964379125163e-03
5.735816501883006422e+05 1.514669769289599425e-03 1.085096672101753396e-03
5.837289453082063701e+05 1.501446720682453198e-03 1.075623791392327699e-03
5.940557573255174793e+05 1.488339157168686901e-03 1.066233643231635688e-03
6.045652620931187412e+05 1.475345991525727277e-03 1.056925448742579345e-03
6.152606916482449742e+05 1.462466237102328379e-03 1.047698501096510542e-03
6.261453352064593928e+05 1.449698958373334384e-03 1.038552130091083617e-03
6.372225401731914608e+05 1.437043110417416574e-03 1.029485587153454885e-03
6.484957131731857080e+05 1.424497746448750947e-03 1.020498194014230354e-03
6.599683210981459124e+05 1.412061926371962692e-03 1.011589277196996497e-03
6.716438921729406575e+05 1.399734654027598273e-03 1.002758123061508111e-03
6.835260170406444231e+05 1.387515096852885276e-03 9.940041351668021680e-04
6.956183498667901149e+05 1.375402312774625171e-03 9.853266386195703302e-04
7.079246094631402520e+05 1.363395222954820506e-03 9.767248605493524753e-04
7.204485804313680856e+05 1.351492814105622687e-03 9.681980750452644658e-04
7.331941143269421300e+05 1.339694386786710514e-03 9.597457810341479675e-04
7.461651308436187683e+05 1.327998991410454105e-03 9.513672982394179170e-04
7.593656190188726177e+05 1.316405600681899712e-03 9.430618907156183709e-04
7.727996384606814245e+05 1.304913439988137497e-03 9.348290035365810526e-04
7.864713205959876068e+05 1.293521652867681958e-03 9.266680231405071549e-04
8.003848699412457645e+05 1.282229264989552184e-03 9.185782515248844433e-04
8.145445653954759473e+05 1.271035445152759926e-03 9.105590932243221632e-04
8.289547615561616840e+05 1.259939388090745155e-03 9.026099713526346833e-04
8.436198900584455114e+05 1.248940170087479290e-03 8.947302241674361806e-04
8.585444609379972098e+05 1.238036958529290313e-03 8.869192551912998511e-04
8.737330640180263435e+05 1.227228962465992885e-03 8.791764977941722700e-04
8.891903703207990620e+05 1.216515295745882472e-03 8.715013171444311625e-04
9.049211335041460115e+05 1.205895156270112532e-03 8.638931386252154910e-04
9.209301913233626401e+05 1.195367750735852738e-03 8.563513939210557011e-04
9.372224671190084191e+05 1.184932233289911997e-03 8.488754770698457791e-04
9.538029713309904328e+05 1.174587901222850410e-03 8.414648846564589746e-04
9.706768030394550879e+05 1.164333963126825506e-03 8.341190497229784753e-04
9.878491515329161193e+05 1.154169509085510538e-03 8.268373204130083799e-04
1.005325297904164530e+06 1.144093653466350148e-03 8.196190622668403933e-04
1.023110616674372228e+06 1.134105820122183325e-03 8.124638625374991374e-04
1.041210577445951756e+06 1.124205215415769290e-03 8.053711526699459510e-04
1.059630746584631503e+06 1.114390963198639596e-03 7.983403049987937211e-04
1.078376788931332063e+06 1.104662391242318669e-03 7.913708379452208137e-04
1.097454469544284279e+06 1.095018795617422975e-03 7.844622472201436469e-04
1.116869655471993377e+06 1.085459356225166325e-03 7.776139453116945061e-04
1.136628317557541654e+06 1.075983339593729196e-03 7.708254067668367324e-04
1.156736532274856698e+06 1.066590087464453288e-03 7.640961600146085756e-04
1.177200483597420854e+06 1.057278825574731011e-03 7.574256503797961813e-04
1.198026464900065446e+06 1.048048819506434059e-03 7.508133517314343657e-04
1.219220880894383648e+06 1.038899420805394248e-03 7.442587995224161836e-04
1.240790249598429771e+06 1.029829885203047048e-03 7.377614605650067861e-04
1.262741204341217410e+06 1.020839510315933122e-03 7.313208316776091981e-04
1.285080495802706806e+06 1.011927642816776727e-03 7.249364448220628910e-04
1.307814994089853717e+06 1.003093562055610861e-03 7.186077837307968535e-04
1.330951690849435981e+06 9.943366563948585670e-04 7.123344102318014508e-04
1.354497701418206794e+06 9.856562859735364199e-04 7.061158659340530845e-04
1.378460267011118587e+06 9.770517028255571324e-04 6.999516150009444651e-04
1.402846756948224967e+06 9.685221024558100930e-04 6.938410810989497669e-04
1.427664670921036275e+06 9.600669900456793157e-04 6.877839097441786152e-04
1.452921641298911767e+06 9.516857363630036332e-04 6.817796501600069739e-04
1.478625435476290528e+06 9.433776084588889766e-04 6.758277772680176820e-04
1.504783958261409774e+06 9.351419681979701581e-04 6.699278339134067100e-04
1.531405254307344323e+06 9.269782722729147861e-04 6.640794308753750208e-04
1.558497510585991666e+06 9.188858474638882719e-04 6.582820858648999853e-04
1.586069058905862970e+06 9.108640124897058286e-04 6.525353108178764136e-04
1.614128378474376630e+06 9.029122395104371632e-04 6.468387275942209325e-04
1.642684098505547969e+06 8.950298972574441099e-04 6.411918839583956786e-04
1.671745000873745885e+06 8.872163248703961256e-04 6.355943064756230509e-04
1.701320022814437281e+06 8.794709836145189709e-04 6.300456092008457779e-04
1.731418259672668995e+06 8.717932688317616948e-04 6.245453589621261957e-04
1.762048967700243229e+06 8.641825508068108749e-04 6.190931046367149047e-04
1.793221566902309423e+06 8.566382907209531229e-04 6.136884602194213117e-04
1.824945643934355583e+06 8.491598945575706435e-04 6.083310001617409958e-04
1.857230955050408375e+06 8.417467896009038541e-04 6.030203141749251265e-04
1.890087429103464354e+06 8.343984841318707445e-04 5.977560499955623377e-04
1.923525170598926023e+06 8.271143784654229510e-04 5.925377780143321806e-04
1.957554462802104419e+06 8.198937837208640630e-04 5.873650047229033409e-04
1.992185770900646923e+06 8.127361653638046730e-04 5.822373471853383017e-04
2.027429745222993661e+06 8.056410851109993641e-04 5.771544914192100906e-04
2.063297224513691152e+06 7.986079556924620231e-04 5.721160167092439151e-04
2.099799239266698714e+06 7.916361519383835000e-04 5.671214751890513769e-04
2.136947015117613599e+06 7.847252344005615750e-04 5.621705520416400139e-04
2.174751976295993663e+06 7.778746793493355885e-04 5.572628720714895576e-04
2.213225749138672836e+06 7.710838912439002850e-04 5.523980086381802919e-04
2.252380165665277280e+06 7.643523754905910293e-04 5.475756074189742917e-04
2.292227267216947395e+06 7.576796541496591715e-04 5.427953260218593536e-04
2.332779308159521781e+06 7.510651688651245536e-04 5.380567644453111698e-04
2.374048759652143810e+06 7.445084083936607481e-04 5.333595564389148700e-04
2.416048313482594211e+06 7.380089104477731204e-04 5.287033708238006446e-04
2.458790885970416944e+06 7.315661425362691463e-04 5.240878261277606134e-04
2.502289621939193923e+06 7.251796076524162898e-04 5.195125662993553594e-04
2.546557898758995347e+06 7.188488436075247782e-04 5.149772602304984043e-04
2.591609330460405909e+06 7.125733362564384745e-04 5.104815395919279093e-04
2.637457771921268199e+06 7.063526534505940252e-04 5.060250947960513333e-04
2.684117323127601296e+06 7.001863484382788751e-04 5.016076057937020371e-04
2.731602333509794902e+06 6.940738915420133041e-04 4.972286931283928469e-04
2.779927406355577055e+06 6.880146905333336688e-04 4.928879325326378192e-04
2.829107403300987557e+06 6.820083869445031383e-04 4.885850672031676577e-04
2.879157448900913820e+06 6.760545597753601140e-04 4.843197955390105176e-04
2.930092935280370526e+06 6.701526959880725436e-04 4.800917500041827096e-04
2.981929526868136134e+06 6.643022964154512901e-04 4.759005729995117919e-04
3.034683165214060340e+06 6.585030063353083159e-04 4.717460104050082820e-04
3.088370073891712818e+06 6.527543610706249694e-04 4.676277293299677031e-04
3.143006763487651478e+06 6.470558555923551069e-04 4.635453679758327959e-04
3.198610036679020617e+06 6.414071062186993974e-04 4.594986514761925157e-04
3.255196993400908541e+06 6.358076910781139575e-04 4.554872776058239330e-04
3.312785036105247214e+06 6.302571329785926083e-04 4.515109045083910569e-04
3.371391875112617388e+06 6.247550263736744618e-04 4.475692416538230747e-04
3.431035534058814868e+06 6.193009702352826693e-04 4.436620017489818139e-04
3.491734355437686667e+06 6.138945117816048619e-04 4.397888604247883145e-04
3.553507006242167670e+06 6.085352483888467091e-04 4.359495292449457027e-04
3.616372483704974409e+06 6.032227839435186541e-04 4.321437244370845521e-04
3.680350121140939184e+06 5.979566861675401782e-04 4.283711363208267875e-04
3.745459593892617617e+06 5.927366063215069565e-04 4.246315150621990755e-04
3.811720925381226931e+06 5.875621593934310946e-04 4.209245848418544534e-04
3.879154493264484219e+06 5.824328917291590703e-04 4.172500206657757090e-04
3.947781035703472327e+06 5.773483032059735552e-04 4.136074642502589761e-04
4.017621657740281429e+06 5.723081124042149470e-04 4.099967139886285107e-04
4.088697837788634934e+06 5.673119585076995654e-04 4.064175113952078191e-04
4.161031434239186347e+06 5.623594060366799872e-04 4.028695444959720542e-04
4.234644692181761377e+06 5.574500369421727611e-04 3.993525138041483782e-04
4.309560250246431679e+06 5.525835588822950893e-04 3.958662098884731186e-04
4.385801147565773688e+06 5.477595807037775833e-04 3.924103525300365672e-04
4.463390830860160291e+06 5.429776749765117920e-04 3.889846355215072606e-04
4.542353161648375914e+06 5.382375207134658390e-04 3.855888289104778769e-04
4.622712423585976474e+06 5.335387673800813134e-04 3.822226815769413032e-04
4.704493329933281057e+06 5.288810134484290366e-04 3.788859058696692904e-04
4.787721031155591831e+06 5.242639133237287849e-04 3.755782542074706672e-04
4.872421122657762840e+06 5.196871366759162579e-04 3.722994899446679874e-04
4.958619652655784041e+06 5.151503040538227274e-04 3.690493412456381209e-04
5.046343130187438801e+06 5.106530705049679847e-04 3.658275609893283883e-04
5.135618533264789730e+06 5.061951102658536050e-04 3.626339158015104273e-04
5.226473317170772702e+06 5.017760591084367882e-04 3.594681447522806318e-04
5.318935422902770340e+06 4.973956175627089558e-04 3.563300333038460889e-04
5.413033285765357316e+06 4.930534755537940676e-04 3.532193593211756179e-04
5.508795844115184620e+06 4.887492597046413836e-04 3.501358553200930798e-04
5.606252548260436393e+06 4.844825392263446746e-04 3.470792126870525691e-04
5.705433369517961517e+06 4.802530504336703534e-04 3.440492425201724272e-04
5.806368809430398047e+06 4.760605212780288724e-04 3.410457499261334516e-04
5.909089909146501683e+06 4.719045955395683302e-04 3.380684797120322126e-04
6.013628258967284113e+06 4.677848953585369922e-04 3.351171611823234664e-04
6.120016008061267436e+06 4.637011776896297313e-04 3.321916202213966119e-04
6.228285874351372942e+06 4.596531333164015094e-04 3.292916353091934387e-04
6.338471154576865025e+06 4.556404046620522882e-04 3.264169502807044406e-04
6.450605734533155337e+06 4.516626908750709921e-04 3.235673496084397194e-04
6.564724099493009970e+06 4.477197241721970491e-04 3.207426414547256532e-04
6.680861344811866060e+06 4.438111769479841074e-04 3.179425911257782495e-04
6.799053186720924452e+06 4.399367261767293553e-04 3.151669672087033442e-04
6.919335973311017267e+06 4.360961148098556534e-04 3.124155855560639466e-04
7.041746695711074397e+06 4.322890347738881766e-04 3.096882254666163720e-04
7.166322999464068562e+06 4.285151718709871954e-04 3.069846618516729143e-04
7.293103196104380302e+06 4.247742656596267797e-04 3.043047081331169560e-04
7.422126274939806201e+06 4.210660195038560464e-04 3.016481518034502991e-04
7.553431915042302571e+06 4.173901466189011700e-04 2.990147874124753449e-04
7.687060497450554743e+06 4.137464172504665919e-04 2.964044503661485662e-04
7.823053117588613182e+06 4.101345375911567446e-04 2.938169301833253510e-04
7.961451597904031165e+06 4.065541652313885731e-04 2.912519815646625243e-04
8.102298500729907304e+06 4.030049724656830051e-04 2.887093697447137993e-04
8.245637141374155879e+06 3.994867937975119378e-04 2.861889761631595738e-04
8.391511601440532133e+06 3.959993525069395600e-04 2.836906025801670954e-04
8.539966742385113612e+06 3.925423288316910535e-04 2.812140199207346664e-04
8.691048219312962145e+06 3.891154556511883201e-04 2.787590368219287039e-04
8.844802495018519461e+06 3.857185264663287659e-04 2.763255053495305134e-04
9.001276854274587706e+06 3.823512610005647605e-04 2.739132247157806291e-04
9.160519418373901397e+06 3.790133564144030211e-04 2.715219779690154398e-04
9.322579159928308800e+06 3.757045997202371006e-04 2.691516125267066277e-04
9.487505917929405347e+06 3.724247435070251501e-04 2.668019511456666722e-04
9.655350413075823337e+06 3.691735031089493960e-04 2.644727898936999528e-04
9.826164263371452689e+06 3.659506196354726294e-04 2.621639433038049582e-04
1.000000000000000000e+07 3.627558727131611018e-04 2.598752535023087862e-04
